EBELN	EBELP	LOEKZ	MATNR	TXZ01	MATKL	MENGE	NETPR	PEINH	NETWR
4500000001	00010		000000000000100007	Event catering per head	MG02	29,000	148,55	1	4.307,95
4500000002	00010		000000000000100008	Guard shift	MG06	55,000	491,62	1	27.039,10
4500000003	00010		000000000000100012	Network switch	MG04	8,000	4.015,97	1	32.127,76
4500000004	00010		000000000000100016	Rebar ton	MG01	2,000	2.821,85	1	5.643,70
4500000005	00010		000000000000100009	Laptop	MG04	7,000	4.963,20	1	34.742,40
4500000006	00010		000000000000100003	Access card batch	MG06	4,000	1.570,01	1	6.280,04
4500000007	00010		000000000000100002	AC maintenance visit	MG03	26,000	901,68	1	23.443,68
4500000008	00010		000000000000100016	Rebar ton	MG01	6,000	2.845,56	1	17.073,36
4500000009	00010		000000000000100019	Water carton	MG02	2.045,000	1.440,00	100	29.448,00
4500000010	00010		000000000000100002	AC maintenance visit	MG03	18,000	855,06	1	15.391,08
4500000011	00010		000000000000100006	Cleaning visit	MG03	9,000	1.329,95	1	11.969,55
4500000012	00010		000000000000100013	Office chair	MG05	19,000	724,42	1	13.763,98
4500000012	00020		000000000000100013	Office chair	MG05	20,000	724,42	1	14.488,40
4500000013	00010		000000000000100004	CCTV maintenance	MG06	6,000	2.268,26	1	13.609,56
4500000014	00010		000000000000100012	Network switch	MG04	5,000	4.046,91	1	20.234,55
4500000015	00010		000000000000100001	A4 paper box	MG05	100,000	92,33	1	9.233,00
4500000016	00010		000000000000100003	Access card batch	MG06	11,000	1.832,56	1	20.158,16
4500000017	00010		000000000000100010	Monitor 27in	MG04	34,000	1.083,01	1	36.822,34
4500000018	00010		000000000000100008	Guard shift	MG06	69,000	464,32	1	32.038,08
4500000019	00010		000000000000100005	Cement bag 50kg	MG01	1.247,000	1.808,00	100	22.545,76
4500000020	00010		000000000000100005	Cement bag 50kg	MG01	740,000	1.986,00	100	14.696,40
4500000021	00010		000000000000100017	Staff lunch box	MG02	913,000	2.956,00	100	26.988,28
4500000022	00010		000000000000100019	Water carton	MG02	1.189,000	1.375,00	100	16.348,75
4500000023	00010		000000000000100001	A4 paper box	MG05	162,000	102,54	1	16.611,48
4500000024	00010		000000000000100005	Cement bag 50kg	MG01	1.356,000	2.044,00	100	27.716,64
4500000025	00010		000000000000100016	Rebar ton	MG01	6,000	3.061,21	1	18.367,26
4500000026	00010		000000000000100009	Laptop	MG04	1,000	4.920,43	1	4.920,43
4500000027	00010		000000000000100002	AC maintenance visit	MG03	35,000	858,09	1	30.033,15
4500000028	00010		000000000000100001	A4 paper box	MG05	165,000	99,71	1	16.452,15
4500000029	00010		000000000000100010	Monitor 27in	MG04	3,000	1.179,67	1	3.539,01
4500000030	00010		000000000000100018	Toner cartridge	MG05	71,000	389,45	1	27.650,95
4500000031	00010		000000000000100017	Staff lunch box	MG02	219,000	3.173,00	100	6.948,87
4500000032	00010		000000000000100008	Guard shift	MG06	67,000	516,64	1	34.614,88
4500000033	00010		000000000000100019	Water carton	MG02	2.061,000	1.469,00	100	30.276,09
4500000034	00010		000000000000100006	Cleaning visit	MG03	16,000	1.364,93	1	21.838,88
4500000035	00010		000000000000100005	Cement bag 50kg	MG01	2.050,000	1.898,00	100	38.909,00
4500000036	00010		000000000000100019	Water carton	MG02	537,000	1.311,00	100	7.040,07
4500000037	00010		000000000000100009	Laptop	MG04	5,000	4.523,54	1	22.617,70
4500000038	00010		000000000000100014	Pest control visit	MG03	7,000	693,26	1	4.852,82
4500000039	00010		000000000000100008	Guard shift	MG06	38,000	516,18	1	19.614,84
4500000040	00010		000000000000100005	Cement bag 50kg	MG01	1.285,000	1.784,00	100	22.924,40
4500000041	00010		000000000000100010	Monitor 27in	MG04	20,000	1.137,32	1	22.746,40
4500000042	00010		000000000000100001	A4 paper box	MG05	414,000	93,31	1	38.630,34
4500000043	00010		000000000000100016	Rebar ton	MG01	4,000	2.961,88	1	11.847,52
4500000044	00010		000000000000100002	AC maintenance visit	MG03	34,000	937,87	1	31.887,58
4500000045	00010		000000000000100006	Cleaning visit	MG03	15,000	1.268,03	1	19.020,45
4500000046	00010		000000000000100019	Water carton	MG02	959,000	1.490,00	100	14.289,10
4500000047	00010		000000000000100014	Pest control visit	MG03	19,000	671,58	1	12.760,02
4500000048	00010		000000000000100005	Cement bag 50kg	MG01	1.874,000	1.991,00	100	37.311,34
4500000049	00010		000000000000100002	AC maintenance visit	MG03	7,000	936,37	1	6.554,59
4500000050	00010		000000000000100010	Monitor 27in	MG04	8,000	1.167,83	1	9.342,64
4500000051	00010		000000000000100019	Water carton	MG02	648,000	1.396,00	100	9.046,08
4500000052	00010		000000000000100019	Water carton	MG02	2.156,000	1.335,00	100	28.782,60
4500000053	00010		000000000000100015	Ready-mix m3	MG01	7,000	271,01	1	1.897,07
4500000054	00010		000000000000100006	Cleaning visit	MG03	28,000	1.330,84	1	37.263,52
4500000055	00010		000000000000100005	Cement bag 50kg	MG01	937,000	1.778,00	100	16.659,86
4500000056	00010		000000000000100013	Office chair	MG05	4,000	791,77	1	3.167,08
4500000057	00010		000000000000100018	Toner cartridge	MG05	58,000	450,81	1	26.146,98
4500000058	00010		000000000000100017	Staff lunch box	MG02	266,000	3.091,00	100	8.222,06
4500000059	00010		000000000000100016	Rebar ton	MG01	8,000	2.959,73	1	23.677,84
4500000060	00010		000000000000100007	Event catering per head	MG02	177,000	155,15	1	27.461,55
4500000061	00010		000000000000100009	Laptop	MG04	4,000	4.443,06	1	17.772,24
4500000062	00010		000000000000100004	CCTV maintenance	MG06	16,000	2.159,61	1	34.553,76
4500000063	00010		000000000000100001	A4 paper box	MG05	147,000	90,98	1	13.374,06
4500000064	00010		000000000000100001	A4 paper box	MG05	263,000	100,59	1	26.455,17
4500000065	00010		000000000000100017	Staff lunch box	MG02	167,000	2.951,00	100	4.928,17
4500000066	00010		000000000000100002	AC maintenance visit	MG03	39,000	839,74	1	32.749,86
4500000067	00010		000000000000100008	Guard shift	MG06	24,000	444,40	1	10.665,60
4500000068	00010		000000000000100004	CCTV maintenance	MG06	3,000	2.330,95	1	6.992,85
4500000069	00010		000000000000100017	Staff lunch box	MG02	508,000	3.300,00	100	16.764,00
4500000070	00010		000000000000100017	Staff lunch box	MG02	705,000	3.305,00	100	23.300,25
4500000071	00010		000000000000100005	Cement bag 50kg	MG01	1.886,000	1.787,00	100	33.702,82
4500000072	00010		000000000000100003	Access card batch	MG06	21,000	1.668,14	1	35.030,94
4500000073	00010		000000000000100012	Network switch	MG04	1,000	3.673,22	1	3.673,22
4500000074	00010		000000000000100012	Network switch	MG04	6,000	3.771,58	1	22.629,48
4500000075	00010		000000000000100010	Monitor 27in	MG04	25,000	1.231,00	1	30.775,00
4500000076	00010		000000000000100003	Access card batch	MG06	14,000	1.769,93	1	24.779,02
4500000077	00010		000000000000100013	Office chair	MG05	5,000	730,31	1	3.651,55
4500000078	00010		000000000000100009	Laptop	MG04	3,000	4.310,70	1	12.932,10
4500000079	00010		000000000000100008	Guard shift	MG06	73,000	510,05	1	37.233,65
4500000080	00010		000000000000100007	Event catering per head	MG02	148,000	144,73	1	21.420,04
4500000081	00010		000000000000100015	Ready-mix m3	MG01	97,000	246,52	1	23.912,44
4500000082	00010		000000000000100012	Network switch	MG04	6,000	4.086,49	1	24.518,94
4500000083	00010		000000000000100018	Toner cartridge	MG05	24,000	431,81	1	10.363,44
4500000084	00010		000000000000100001	A4 paper box	MG05	177,000	97,16	1	17.197,32
4500000085	00010		000000000000100018	Toner cartridge	MG05	56,000	394,92	1	22.115,52
4500000086	00010		000000000000100003	Access card batch	MG06	3,000	1.580,71	1	4.742,13
4500000087	00010		000000000000100003	Access card batch	MG06	17,000	1.778,00	1	30.226,00
4500000088	00010		000000000000100018	Toner cartridge	MG05	46,000	394,72	1	18.157,12
4500000089	00010		000000000000100019	Water carton	MG02	349,000	1.343,00	100	4.687,07
4500000090	00010		000000000000100009	Laptop	MG04	1,000	4.696,55	1	4.696,55
4500000091	00010		000000000000100008	Guard shift	MG06	69,000	458,02	1	31.603,38
4500000092	00010		000000000000100007	Event catering per head	MG02	105,000	146,71	1	15.404,55
4500000093	00010		000000000000100013	Office chair	MG05	42,000	722,63	1	30.350,46
4500000094	00010		000000000000100013	Office chair	MG05	47,000	748,51	1	35.179,97
4500000095	00010		000000000000100002	AC maintenance visit	MG03	42,000	892,10	1	37.468,20
4500000096	00010		000000000000100006	Cleaning visit	MG03	12,000	1.315,41	1	15.784,92
4500000097	00010		000000000000100001	A4 paper box	MG05	372,000	89,72	1	33.375,84
4500000098	00010		000000000000100010	Monitor 27in	MG04	11,000	1.211,12	1	13.322,32
4500000099	00010		000000000000100018	Toner cartridge	MG05	76,000	393,54	1	29.909,04
4500000100	00010		000000000000100008	Guard shift	MG06	76,000	472,93	1	35.942,68
4500000101	00010		000000000000100002	AC maintenance visit	MG03	7,000	872,83	1	6.109,81
4500000102	00010		000000000000100004	CCTV maintenance	MG06	15,000	2.142,40	1	32.136,00
4500000103	00010		000000000000100001	A4 paper box	MG05	372,000	90,62	1	33.710,64
4500000104	00010		000000000000100007	Event catering per head	MG02	22,000	135,18	1	2.973,96
4500000105	00010		000000000000100016	Rebar ton	MG01	11,000	2.916,21	1	32.078,31
4500000106	00010		000000000000100009	Laptop	MG04	5,000	4.877,33	1	24.386,65
4500000107	00010		000000000000100008	Guard shift	MG06	71,000	476,53	1	33.833,63
4500000108	00010		000000000000100001	A4 paper box	MG05	382,000	91,67	1	35.017,94
4500000109	00010		000000000000100007	Event catering per head	MG02	267,000	136,92	1	36.557,64
4500000110	00010		000000000000100017	Staff lunch box	MG02	810,000	3.012,00	100	24.397,20
4500000111	00010		000000000000100015	Ready-mix m3	MG01	49,000	259,98	1	12.739,02
4500000112	00010		000000000000100012	Network switch	MG04	5,000	4.204,30	1	21.021,50
4500000113	00010		000000000000100001	A4 paper box	MG05	63,000	93,85	1	5.912,55
4500000114	00010		000000000000100003	Access card batch	MG06	16,000	1.707,64	1	27.322,24
4500000115	00010		000000000000100006	Cleaning visit	MG03	4,000	1.409,65	1	5.638,60
4500000116	00010		000000000000100005	Cement bag 50kg	MG01	1.905,000	1.827,00	100	34.804,35
4500000117	00010		000000000000100018	Toner cartridge	MG05	48,000	389,68	1	18.704,64
4500000118	00010		000000000000100007	Event catering per head	MG02	130,000	139,66	1	18.155,80
4500000119	00010		000000000000100009	Laptop	MG04	2,000	4.344,37	1	8.688,74
4500000120	00010		000000000000100014	Pest control visit	MG03	2,000	614,16	1	1.228,32
4500000121	00010		000000000000100017	Staff lunch box	MG02	193,000	2.983,00	100	5.757,19
4500000122	00010		000000000000100019	Water carton	MG02	1.140,000	1.346,00	100	15.344,40
4500000123	00010		000000000000100015	Ready-mix m3	MG01	18,000	254,79	1	4.586,22
4500000124	00010		000000000000100002	AC maintenance visit	MG03	28,000	902,06	1	25.257,68
4500000125	00010		000000000000100010	Monitor 27in	MG04	30,000	1.117,99	1	33.539,70
4500000126	00010		000000000000100012	Network switch	MG04	1,000	3.653,95	1	3.653,95
4500000127	00010		000000000000100010	Monitor 27in	MG04	22,000	1.132,74	1	24.920,28
4500000128	00010		000000000000100015	Ready-mix m3	MG01	105,000	247,41	1	25.978,05
4500000129	00010		000000000000100014	Pest control visit	MG03	4,000	668,19	1	2.672,76
4500000130	00010		000000000000100012	Network switch	MG04	2,000	4.136,85	1	8.273,70
4500000131	00010		000000000000100012	Network switch	MG04	7,000	4.104,28	1	28.729,96
4500000132	00010		000000000000100004	CCTV maintenance	MG06	13,000	2.117,08	1	27.522,04
4500000133	00010		000000000000100019	Water carton	MG02	2.653,000	1.506,00	100	39.954,18
4500000134	00010		000000000000100001	A4 paper box	MG05	218,000	101,06	1	22.031,08
4500000135	00010		000000000000100003	Access card batch	MG06	3,000	1.695,93	1	5.087,79
4500000136	00010		000000000000100019	Water carton	MG02	1.786,000	1.365,00	100	24.378,90
4500000137	00010		000000000000100016	Rebar ton	MG01	6,000	2.652,01	1	15.912,06
4500000138	00010		000000000000100009	Laptop	MG04	4,000	4.815,77	1	19.263,08
4500000139	00010		000000000000100002	AC maintenance visit	MG03	36,000	928,07	1	33.410,52
4500000140	00010		000000000000100015	Ready-mix m3	MG01	14,000	264,56	1	3.703,84
4500000141	00010		000000000000100016	Rebar ton	MG01	9,000	2.740,18	1	24.661,62
4500000142	00010		000000000000100017	Staff lunch box	MG02	1.159,000	3.045,00	100	35.291,55
4500000143	00010		000000000000100010	Monitor 27in	MG04	9,000	1.085,35	1	9.768,15
4500000144	00010		000000000000100009	Laptop	MG04	6,000	4.738,48	1	28.430,88
4500000145	00010		000000000000100006	Cleaning visit	MG03	22,000	1.286,61	1	28.305,42
4500000146	00010		000000000000100008	Guard shift	MG06	43,000	455,02	1	19.565,86
4500000147	00010		000000000000100014	Pest control visit	MG03	15,000	631,63	1	9.474,45
4500000148	00010		000000000000100007	Event catering per head	MG02	22,000	143,64	1	3.160,08
4500000149	00010		000000000000100019	Water carton	MG02	1.503,000	1.464,00	100	22.003,92
4500000150	00010		000000000000100009	Laptop	MG04	3,000	4.559,12	1	13.677,36
4500000151	00010		000000000000100005	Cement bag 50kg	MG01	1.199,000	1.894,00	100	22.709,06
4500000152	00010		000000000000100016	Rebar ton	MG01	7,000	2.685,59	1	18.799,13
4500000153	00010		000000000000100004	CCTV maintenance	MG06	10,000	2.337,92	1	23.379,20
4500000154	00010		000000000000100009	Laptop	MG04	1,000	4.306,15	1	4.306,15
4500000155	00010		000000000000100018	Toner cartridge	MG05	92,000	406,04	1	37.355,68
4500000156	00010		000000000000100019	Water carton	MG02	805,000	1.354,00	100	10.899,70
4500000157	00010		000000000000100005	Cement bag 50kg	MG01	79,000	2.006,00	100	1.584,74
4500000158	00010		000000000000100012	Network switch	MG04	1,000	3.803,13	1	3.803,13
4500000159	00010		000000000000100003	Access card batch	MG06	19,000	1.674,00	1	31.806,00
4500000160	00010		000000000000100015	Ready-mix m3	MG01	16,000	281,98	1	4.511,68
4500000161	00010		000000000000100016	Rebar ton	MG01	2,000	2.768,16	1	5.536,32
4500000162	00010		000000000000100010	Monitor 27in	MG04	10,000	1.231,80	1	12.318,00
4500000163	00010		000000000000100019	Water carton	MG02	1.590,000	1.305,00	100	20.749,50
4500000164	00010		000000000000100009	Laptop	MG04	1,000	4.381,23	1	4.381,23
4500000165	00010		000000000000100004	CCTV maintenance	MG06	15,000	2.109,37	1	31.640,55
4500000166	00010		000000000000100017	Staff lunch box	MG02	1.144,000	3.143,00	100	35.955,92
4500000167	00010		000000000000100008	Guard shift	MG06	66,000	498,90	1	32.927,40
4500000168	00010		000000000000100008	Guard shift	MG06	64,000	498,76	1	31.920,64
4500000169	00010		000000000000100005	Cement bag 50kg	MG01	1.422,000	2.008,00	100	28.553,76
4500000170	00010		000000000000100019	Water carton	MG02	2.772,000	1.355,00	100	37.560,60
4500000171	00010		000000000000100003	Access card batch	MG06	12,000	1.825,65	1	21.907,80
4500000172	00010		000000000000100003	Access card batch	MG06	20,000	1.825,84	1	36.516,80
4500000173	00010		000000000000100005	Cement bag 50kg	MG01	1.100,000	1.849,00	100	20.339,00
4500000174	00010		000000000000100007	Event catering per head	MG02	135,000	150,84	1	20.363,40
4500000175	00010		000000000000100015	Ready-mix m3	MG01	81,000	278,74	1	22.577,94
4500000176	00010		000000000000100007	Event catering per head	MG02	133,000	136,11	1	18.102,63
4500000177	00010		000000000000100017	Staff lunch box	MG02	1.237,000	3.042,00	100	37.629,54
4500000178	00010		000000000000100010	Monitor 27in	MG04	28,000	1.105,03	1	30.940,84
4500000179	00010		000000000000100002	AC maintenance visit	MG03	38,000	844,65	1	32.096,70
4500000180	00010		000000000000100005	Cement bag 50kg	MG01	1.198,000	2.027,00	100	24.283,46
4500000181	00010		000000000000100006	Cleaning visit	MG03	5,000	1.335,54	1	6.677,70
4500000182	00010		000000000000100012	Network switch	MG04	5,000	3.972,94	1	19.864,70
4500000183	00010		000000000000100008	Guard shift	MG06	18,000	505,39	1	9.097,02
4500000184	00010		000000000000100008	Guard shift	MG06	55,000	492,34	1	27.078,70
4500000185	00010		000000000000100015	Ready-mix m3	MG01	12,000	281,13	1	3.373,56
4500000186	00010		000000000000100009	Laptop	MG04	4,000	4.539,81	1	18.159,24
4500000187	00010		000000000000100006	Cleaning visit	MG03	17,000	1.244,70	1	21.159,90
4500000188	00010		000000000000100010	Monitor 27in	MG04	34,000	1.169,60	1	39.766,40
4500000189	00010		000000000000100004	CCTV maintenance	MG06	14,000	2.179,25	1	30.509,50
4500000190	00010		000000000000100006	Cleaning visit	MG03	10,000	1.274,07	1	12.740,70
4500000191	00010		000000000000100004	CCTV maintenance	MG06	11,000	2.358,88	1	25.947,68
4500000192	00010		000000000000100017	Staff lunch box	MG02	394,000	3.132,00	100	12.340,08
4500000193	00010		000000000000100018	Toner cartridge	MG05	58,000	388,62	1	22.539,96
4500000194	00010		000000000000100002	AC maintenance visit	MG03	35,000	838,09	1	29.333,15
4500000195	00010		000000000000100002	AC maintenance visit	MG03	31,000	876,15	1	27.160,65
4500000196	00010		000000000000100012	Network switch	MG04	8,000	4.144,07	1	33.152,56
4500000197	00010		000000000000100013	Office chair	MG05	30,000	784,39	1	23.531,70
4500000198	00010		000000000000100007	Event catering per head	MG02	176,000	155,98	1	27.452,48
4500000199	00010		000000000000100004	CCTV maintenance	MG06	4,000	2.140,95	1	8.563,80
4500000200	00010		000000000000100018	Toner cartridge	MG05	58,000	448,22	1	25.996,76
4500000201	00010		000000000000100019	Water carton	MG02	2.019,000	1.441,00	100	29.093,79
4500000202	00010		000000000000100003	Access card batch	MG06	20,000	1.678,20	1	33.564,00
4500000203	00010		000000000000100016	Rebar ton	MG01	2,000	2.979,58	1	5.959,16
4500000204	00010		000000000000100005	Cement bag 50kg	MG01	1.518,000	1.786,00	100	27.111,48
4500000205	00010		000000000000100014	Pest control visit	MG03	36,000	691,90	1	24.908,40
4500000206	00010		000000000000100009	Laptop	MG04	3,000	4.733,45	1	14.200,35
4500000207	00010		000000000000100001	A4 paper box	MG05	356,000	101,25	1	36.045,00
4500000208	00010		000000000000100002	AC maintenance visit	MG03	13,000	905,28	1	11.768,64
4500000209	00010		000000000000100007	Event catering per head	MG02	206,000	142,11	1	29.274,66
4500000210	00010		000000000000100014	Pest control visit	MG03	7,000	659,25	1	4.614,75
4500000211	00010		000000000000100018	Toner cartridge	MG05	37,000	422,27	1	15.623,99
4500000212	00010		000000000000100009	Laptop	MG04	2,000	4.848,57	1	9.697,14
4500000213	00010		000000000000100016	Rebar ton	MG01	12,000	2.643,65	1	31.723,80
4500000214	00010		000000000000100006	Cleaning visit	MG03	26,000	1.353,29	1	35.185,54
4500000215	00010		000000000000100009	Laptop	MG04	8,000	4.670,04	1	37.360,32
4500000216	00010		000000000000100002	AC maintenance visit	MG03	22,000	866,65	1	19.066,30
4500000217	00010		000000000000100004	CCTV maintenance	MG06	1,000	2.063,35	1	2.063,35
4500000218	00010		000000000000100015	Ready-mix m3	MG01	22,000	269,11	1	5.920,42
4500000219	00010		000000000000100018	Toner cartridge	MG05	85,000	440,98	1	37.483,30
4500000220	00010		000000000000100013	Office chair	MG05	25,000	786,71	1	19.667,75
4500000221	00010		000000000000100002	AC maintenance visit	MG03	10,000	928,84	1	9.288,40
4500000222	00010		000000000000100002	AC maintenance visit	MG03	31,000	862,14	1	26.726,34
4500000223	00010		000000000000100009	Laptop	MG04	8,000	4.661,42	1	37.291,36
4500000224	00010		000000000000100018	Toner cartridge	MG05	31,000	431,43	1	13.374,33
4500000225	00010		000000000000100013	Office chair	MG05	36,000	820,30	1	29.530,80
4500000226	00010		000000000000100012	Network switch	MG04	5,000	3.604,94	1	18.024,70
4500000227	00010		000000000000100005	Cement bag 50kg	MG01	1.996,000	2.039,00	100	40.698,44
4500000228	00010		000000000000100018	Toner cartridge	MG05	53,000	425,73	1	22.563,69
4500000229	00010		000000000000100002	AC maintenance visit	MG03	30,000	888,70	1	26.661,00
4500000230	00010		000000000000100012	Network switch	MG04	8,000	3.632,59	1	29.060,72
4500000231	00010		000000000000100016	Rebar ton	MG01	2,000	2.925,10	1	5.850,20
4500000232	00010		000000000000100007	Event catering per head	MG02	266,000	155,94	1	41.480,04
4500000233	00010		000000000000100009	Laptop	MG04	1,000	4.274,37	1	4.274,37
4500000234	00010		000000000000100001	A4 paper box	MG05	84,000	97,11	1	8.157,24
4500000235	00010		000000000000100016	Rebar ton	MG01	1,000	3.003,66	1	3.003,66
4500000236	00010		000000000000100009	Laptop	MG04	3,000	4.691,62	1	14.074,86
4500000237	00010		000000000000100014	Pest control visit	MG03	37,000	698,64	1	25.849,68
4500000238	00010		000000000000100017	Staff lunch box	MG02	319,000	3.303,00	100	10.536,57
4500000239	00010		000000000000100010	Monitor 27in	MG04	2,000	1.069,00	1	2.138,00
4500000240	00010		000000000000100017	Staff lunch box	MG02	776,000	2.969,00	100	23.039,44
4500000241	00010		000000000000100015	Ready-mix m3	MG01	111,000	256,64	1	28.487,04
4500000242	00010		000000000000100017	Staff lunch box	MG02	1.200,000	3.187,00	100	38.244,00
4500000243	00010		000000000000100018	Toner cartridge	MG05	62,000	412,74	1	25.589,88
4500000244	00010		000000000000100006	Cleaning visit	MG03	19,000	1.296,31	1	24.629,89
4500000245	00010		000000000000100018	Toner cartridge	MG05	83,000	418,12	1	34.703,96
4500000246	00010		000000000000100015	Ready-mix m3	MG01	36,000	259,53	1	9.343,08
4500000247	00010		000000000000100017	Staff lunch box	MG02	917,000	3.318,00	100	30.426,06
4500000248	00010		000000000000100002	AC maintenance visit	MG03	3,000	930,96	1	2.792,88
4500000249	00010		000000000000100001	A4 paper box	MG05	303,000	93,60	1	28.360,80
4500000250	00010		000000000000100018	Toner cartridge	MG05	35,000	433,45	1	15.170,75
4500000251	00010		000000000000100003	Access card batch	MG06	19,000	1.617,00	1	30.723,00
4500000252	00010		000000000000100014	Pest control visit	MG03	16,000	649,97	1	10.399,52
4500000253	00010		000000000000100006	Cleaning visit	MG03	27,000	1.421,62	1	38.383,74
4500000254	00010		000000000000100002	AC maintenance visit	MG03	15,000	915,61	1	13.734,15
4500000255	00010		000000000000100012	Network switch	MG04	8,000	4.080,18	1	32.641,44
4500000256	00010		000000000000100001	A4 paper box	MG05	333,000	88,28	1	29.397,24
4500000257	00010		000000000000100007	Event catering per head	MG02	252,000	136,30	1	34.347,60
4500000258	00010		000000000000100009	Laptop	MG04	4,000	4.706,72	1	18.826,88
4500000259	00010		000000000000100017	Staff lunch box	MG02	353,000	3.274,00	100	11.557,22
4500000260	00010		000000000000100005	Cement bag 50kg	MG01	1.854,000	2.046,00	100	37.932,84
4500000261	00010		000000000000100015	Ready-mix m3	MG01	123,000	268,44	1	33.018,12
4500000262	00010		000000000000100017	Staff lunch box	MG02	943,000	3.361,00	100	31.694,23
4500000263	00010		000000000000100001	A4 paper box	MG05	368,000	92,55	1	34.058,40
4500000264	00010		000000000000100004	CCTV maintenance	MG06	11,000	2.080,81	1	22.888,91
4500000265	00010		000000000000100014	Pest control visit	MG03	18,000	665,20	1	11.973,60
4500000266	00010		000000000000100016	Rebar ton	MG01	1,000	2.763,42	1	2.763,42
4500000267	00010		000000000000100016	Rebar ton	MG01	2,000	2.727,97	1	5.455,94
4500000268	00010		000000000000100019	Water carton	MG02	1.511,000	1.422,00	100	21.486,42
4500000269	00010		000000000000100007	Event catering per head	MG02	160,000	148,27	1	23.723,20
4500000270	00010		000000000000100009	Laptop	MG04	2,000	4.373,88	1	8.747,76
4500000271	00010		000000000000100015	Ready-mix m3	MG01	124,000	258,49	1	32.052,76
4500000272	00010		000000000000100018	Toner cartridge	MG05	76,000	412,76	1	31.369,76
4500000273	00010		000000000000100008	Guard shift	MG06	31,000	459,97	1	14.259,07
4500000274	00010		000000000000100016	Rebar ton	MG01	11,000	2.739,00	1	30.129,00
4500000275	00010		000000000000100018	Toner cartridge	MG05	11,000	432,35	1	4.755,85
4500000276	00010		000000000000100013	Office chair	MG05	15,000	823,62	1	12.354,30
4500000277	00010		000000000000100008	Guard shift	MG06	62,000	496,19	1	30.763,78
4500000278	00010		000000000000100013	Office chair	MG05	8,000	724,20	1	5.793,60
4500000279	00010		000000000000100012	Network switch	MG04	1,000	3.793,73	1	3.793,73
4500000280	00010		000000000000100019	Water carton	MG02	499,000	1.500,00	100	7.485,00
4500000281	00010		000000000000100018	Toner cartridge	MG05	62,000	440,52	1	27.312,24
4500000282	00010		000000000000100010	Monitor 27in	MG04	13,000	1.224,67	1	15.920,71
4500000283	00010		000000000000100018	Toner cartridge	MG05	80,000	395,20	1	31.616,00
4500000284	00010		000000000000100009	Laptop	MG04	2,000	4.687,81	1	9.375,62
4500000285	00010		000000000000100009	Laptop	MG04	1,000	4.521,77	1	4.521,77
4500000286	00010		000000000000100018	Toner cartridge	MG05	77,000	426,41	1	32.833,57
4500000287	00010		000000000000100013	Office chair	MG05	46,000	817,69	1	37.613,74
4500000288	00010		000000000000100005	Cement bag 50kg	MG01	1.373,000	1.951,00	100	26.787,23
4500000289	00010		000000000000100007	Event catering per head	MG02	110,000	154,73	1	17.020,30
4500000290	00010		000000000000100017	Staff lunch box	MG02	773,000	3.425,00	100	26.475,25
4500000291	00010		000000000000100017	Staff lunch box	MG02	755,000	3.172,00	100	23.948,60
4500000292	00010		000000000000100002	AC maintenance visit	MG03	20,000	835,71	1	16.714,20
4500000293	00010		000000000000100006	Cleaning visit	MG03	4,000	1.315,09	1	5.260,36
4500000294	00010		000000000000100015	Ready-mix m3	MG01	23,000	254,43	1	5.851,89
4500000295	00010		000000000000100003	Access card batch	MG06	4,000	1.636,25	1	6.545,00
4500000296	00010		000000000000100013	Office chair	MG05	12,000	751,35	1	9.016,20
4500000297	00010		000000000000100006	Cleaning visit	MG03	29,000	1.419,25	1	41.158,25
4500000298	00010		000000000000100017	Staff lunch box	MG02	574,000	3.345,00	100	19.200,30
4500000299	00010		000000000000100004	CCTV maintenance	MG06	1,000	2.083,92	1	2.083,92
4500000300	00010		000000000000100019	Water carton	MG02	2.674,000	1.472,00	100	39.361,28
4500000301	00010		000000000000100010	Monitor 27in	MG04	32,000	1.149,75	1	36.792,00
4500000302	00010		000000000000100003	Access card batch	MG06	8,000	1.768,30	1	14.146,40
4500000303	00010		000000000000100019	Water carton	MG02	1.650,000	1.437,00	100	23.710,50
4500000304	00010		000000000000100001	A4 paper box	MG05	113,000	101,20	1	11.435,60
4500000305	00010		000000000000100001	A4 paper box	MG05	152,000	90,22	1	13.713,44
4500000306	00010		000000000000100006	Cleaning visit	MG03	13,000	1.349,16	1	17.539,08
4500000307	00010		000000000000100013	Office chair	MG05	12,000	799,13	1	9.589,56
4500000308	00010		000000000000100008	Guard shift	MG06	69,000	508,82	1	35.108,58
4500000309	00010		000000000000100007	Event catering per head	MG02	171,000	154,22	1	26.371,62
4500000310	00010		000000000000100014	Pest control visit	MG03	27,000	682,51	1	18.427,77
4500000311	00010		000000000000100018	Toner cartridge	MG05	85,000	407,75	1	34.658,75
4500000312	00010		000000000000100005	Cement bag 50kg	MG01	1.828,000	2.043,00	100	37.346,04
4500000313	00010		000000000000100003	Access card batch	MG06	2,000	1.615,55	1	3.231,10
4500000314	00010		000000000000100009	Laptop	MG04	3,000	4.334,70	1	13.004,10
4500000315	00010		000000000000100015	Ready-mix m3	MG01	106,000	275,44	1	29.196,64
4500000316	00010		000000000000100005	Cement bag 50kg	MG01	1.352,000	1.761,00	100	23.808,72
4500000317	00010		000000000000100001	A4 paper box	MG05	379,000	98,30	1	37.255,70
4500000318	00010		000000000000100016	Rebar ton	MG01	11,000	2.787,95	1	30.667,45
4500000319	00010		000000000000100008	Guard shift	MG06	51,000	481,85	1	24.574,35
4500000320	00010		000000000000100016	Rebar ton	MG01	6,000	3.073,96	1	18.443,76
4500000321	00010		000000000000100001	A4 paper box	MG05	416,000	100,46	1	41.791,36
4500000322	00010		000000000000100016	Rebar ton	MG01	2,000	2.654,05	1	5.308,10
4500000323	00010		000000000000100003	Access card batch	MG06	13,000	1.625,66	1	21.133,58
4500000324	00010		000000000000100003	Access card batch	MG06	1,000	1.744,57	1	1.744,57
4500000325	00010		000000000000100016	Rebar ton	MG01	4,000	2.782,23	1	11.128,92
4500000326	00010		000000000000100016	Rebar ton	MG01	1,000	2.734,48	1	2.734,48
4500000327	00010		000000000000100016	Rebar ton	MG01	8,000	2.630,87	1	21.046,96
4500000328	00010		000000000000100010	Monitor 27in	MG04	28,000	1.210,25	1	33.887,00
4500000329	00010		000000000000100003	Access card batch	MG06	20,000	1.732,31	1	34.646,20
4500000330	00010		000000000000100012	Network switch	MG04	4,000	4.120,23	1	16.480,92
4500000331	00010		000000000000100008	Guard shift	MG06	67,000	513,71	1	34.418,57
4500000332	00010		000000000000100012	Network switch	MG04	7,000	3.917,78	1	27.424,46
4500000333	00010		000000000000100002	AC maintenance visit	MG03	17,000	971,23	1	16.510,91
4500000334	00010		000000000000100003	Access card batch	MG06	12,000	1.573,77	1	18.885,24
4500000335	00010		000000000000100003	Access card batch	MG06	18,000	1.791,58	1	32.248,44
4500000336	00010		000000000000100005	Cement bag 50kg	MG01	530,000	2.001,00	100	10.605,30
4500000337	00010		000000000000100007	Event catering per head	MG02	243,000	149,48	1	36.323,64
4500000338	00010		000000000000100003	Access card batch	MG06	8,000	1.702,59	1	13.620,72
4500000339	00010		000000000000100002	AC maintenance visit	MG03	16,000	848,88	1	13.582,08
4500000340	00010		000000000000100005	Cement bag 50kg	MG01	2.042,000	1.805,00	100	36.858,10
4500000341	00010		000000000000100012	Network switch	MG04	8,000	3.700,17	1	29.601,36
4500000342	00010		000000000000100009	Laptop	MG04	7,000	4.900,13	1	34.300,91
4500000343	00010		000000000000100002	AC maintenance visit	MG03	40,000	946,15	1	37.846,00
4500000344	00010		000000000000100008	Guard shift	MG06	67,000	506,82	1	33.956,94
4500000345	00010		000000000000100001	A4 paper box	MG05	394,000	96,80	1	38.139,20
4500000346	00010		000000000000100004	CCTV maintenance	MG06	12,000	2.170,12	1	26.041,44
4500000347	00010		000000000000100013	Office chair	MG05	21,000	783,55	1	16.454,55
4500000348	00010		000000000000100004	CCTV maintenance	MG06	17,000	2.098,43	1	35.673,31
4500000349	00010		000000000000100018	Toner cartridge	MG05	37,000	415,72	1	15.381,64
4500000350	00010		000000000000100005	Cement bag 50kg	MG01	1.390,000	1.828,00	100	25.409,20
4500000351	00010		000000000000100009	Laptop	MG04	1,000	4.796,34	1	4.796,34
4500000352	00010		000000000000100019	Water carton	MG02	723,000	1.491,00	100	10.779,93
4500000353	00010		000000000000100017	Staff lunch box	MG02	90,000	3.165,00	100	2.848,50
4500000354	00010		000000000000100007	Event catering per head	MG02	121,000	149,15	1	18.047,15
4500000355	00010		000000000000100005	Cement bag 50kg	MG01	824,000	1.943,00	100	16.010,32
4500000356	00010		000000000000100016	Rebar ton	MG01	13,000	2.712,14	1	35.257,82
4500000357	00010		000000000000100012	Network switch	MG04	7,000	3.664,22	1	25.649,54
4500000358	00010		000000000000100013	Office chair	MG05	2,000	772,87	1	1.545,74
4500000359	00010		000000000000100004	CCTV maintenance	MG06	17,000	2.101,70	1	35.728,90
4500000360	00010		000000000000100009	Laptop	MG04	6,000	4.568,39	1	27.410,34
4500000361	00010		000000000000100001	A4 paper box	MG05	201,000	97,76	1	19.649,76
4500000362	00010		000000000000100012	Network switch	MG04	2,000	3.787,33	1	7.574,66
4500000363	00010		000000000000100005	Cement bag 50kg	MG01	451,000	1.892,00	100	8.532,92
4500000364	00010		000000000000100008	Guard shift	MG06	16,000	454,68	1	7.274,88
4500000365	00010		000000000000100003	Access card batch	MG06	15,000	1.833,72	1	27.505,80
4500000366	00010		000000000000100005	Cement bag 50kg	MG01	513,000	1.929,00	100	9.895,77
4500000367	00010		000000000000100015	Ready-mix m3	MG01	125,000	247,40	1	30.925,00
4500000368	00010		000000000000100003	Access card batch	MG06	21,000	1.571,13	1	32.993,73
4500000369	00010		000000000000100012	Network switch	MG04	8,000	4.133,49	1	33.067,92
4500000370	00010		000000000000100017	Staff lunch box	MG02	162,000	3.397,00	100	5.503,14
4500000371	00010		000000000000100001	A4 paper box	MG05	125,000	95,88	1	11.985,00
4500000372	00010		000000000000100007	Event catering per head	MG02	247,000	140,70	1	34.752,90
4500000373	00010		000000000000100007	Event catering per head	MG02	122,000	138,13	1	16.851,86
4500000374	00010		000000000000100016	Rebar ton	MG01	4,000	2.978,25	1	11.913,00
4500000375	00010		000000000000100004	CCTV maintenance	MG06	15,000	2.281,76	1	34.226,40
4500000376	00010		000000000000100005	Cement bag 50kg	MG01	1.610,000	1.836,00	100	29.559,60
4500000377	00010		000000000000100003	Access card batch	MG06	19,000	1.657,82	1	31.498,58
4500000378	00010		000000000000100004	CCTV maintenance	MG06	12,000	2.267,78	1	27.213,36
4500000379	00010		000000000000100016	Rebar ton	MG01	7,000	2.814,89	1	19.704,23
4500000380	00010		000000000000100017	Staff lunch box	MG02	701,000	3.122,00	100	21.885,22
4500000381	00010		000000000000100012	Network switch	MG04	5,000	3.845,12	1	19.225,60
4500000382	00010		000000000000100013	Office chair	MG05	10,000	816,02	1	8.160,20
4500000383	00010		000000000000100016	Rebar ton	MG01	13,000	2.821,39	1	36.678,07
4500000384	00010		000000000000100003	Access card batch	MG06	7,000	1.702,62	1	11.918,34
4500000385	00010		000000000000100018	Toner cartridge	MG05	18,000	418,71	1	7.536,78
4500000386	00010		000000000000100005	Cement bag 50kg	MG01	398,000	1.860,00	100	7.402,80
4500000387	00010		000000000000100005	Cement bag 50kg	MG01	1.665,000	1.850,00	100	30.802,50
4500000388	00010		000000000000100014	Pest control visit	MG03	14,000	692,92	1	9.700,88
4500000389	00010		000000000000100018	Toner cartridge	MG05	13,000	421,79	1	5.483,27
4500000390	00010		000000000000100005	Cement bag 50kg	MG01	1.797,000	1.961,00	100	35.239,17
4500000391	00010		000000000000100008	Guard shift	MG06	13,000	506,12	1	6.579,56
4500000392	00010		000000000000100007	Event catering per head	MG02	35,000	141,55	1	4.954,25
4500000393	00010		000000000000100001	A4 paper box	MG05	122,000	88,54	1	10.801,88
4500000394	00010		000000000000100008	Guard shift	MG06	32,000	451,38	1	14.444,16
4500000395	00010		000000000000100013	Office chair	MG05	48,000	769,81	1	36.950,88
4500000396	00010		000000000000100006	Cleaning visit	MG03	26,000	1.418,87	1	36.890,62
4500000397	00010		000000000000100012	Network switch	MG04	6,000	3.704,72	1	22.228,32
4500000398	00010		000000000000100001	A4 paper box	MG05	289,000	97,24	1	28.102,36
4500000399	00010		000000000000100019	Water carton	MG02	2.214,000	1.433,00	100	31.726,62
4500000400	00010		000000000000100007	Event catering per head	MG02	261,000	139,06	1	36.294,66
4500000401	00010		000000000000100009	Laptop	MG04	5,000	4.871,47	1	24.357,35
4500000402	00010		000000000000100009	Laptop	MG04	2,000	4.635,17	1	9.270,34
4500000403	00010		000000000000100001	A4 paper box	MG05	377,000	90,38	1	34.073,26
4500000404	00010		000000000000100018	Toner cartridge	MG05	18,000	389,56	1	7.012,08
4500000405	00010		000000000000100010	Monitor 27in	MG04	26,000	1.148,32	1	29.856,32
4500000406	00010		000000000000100001	A4 paper box	MG05	92,000	95,24	1	8.762,08
4500000407	00010		000000000000100019	Water carton	MG02	858,000	1.448,00	100	12.423,84
4500000408	00010		000000000000100002	AC maintenance visit	MG03	3,000	837,84	1	2.513,52
4500000409	00010		000000000000100007	Event catering per head	MG02	153,000	148,14	1	22.665,42
4500000410	00010		000000000000100010	Monitor 27in	MG04	21,000	1.139,56	1	23.930,76
4500000411	00010		000000000000100003	Access card batch	MG06	19,000	1.572,56	1	29.878,64
4500000412	00010		000000000000100005	Cement bag 50kg	MG01	689,000	1.841,00	100	12.684,49
4500000413	00010		000000000000100004	CCTV maintenance	MG06	18,000	2.160,11	1	38.881,98
4500000414	00010		000000000000100005	Cement bag 50kg	MG01	720,000	2.035,00	100	14.652,00
4500000415	00010		000000000000100018	Toner cartridge	MG05	41,000	434,73	1	17.823,93
4500000416	00010		000000000000100007	Event catering per head	MG02	204,000	154,64	1	31.546,56
4500000417	00010		000000000000100010	Monitor 27in	MG04	11,000	1.105,35	1	12.158,85
4500000418	00010		000000000000100016	Rebar ton	MG01	11,000	2.924,52	1	32.169,72
4500000419	00010		000000000000100013	Office chair	MG05	9,000	766,91	1	6.902,19
4500000420	00010		000000000000100006	Cleaning visit	MG03	24,000	1.318,80	1	31.651,20
4500000421	00010		000000000000100007	Event catering per head	MG02	165,000	143,97	1	23.755,05
4500000422	00010		000000000000100010	Monitor 27in	MG04	17,000	1.239,51	1	21.071,67
4500000423	00010		000000000000100001	A4 paper box	MG05	70,000	90,43	1	6.330,10
4500000424	00010		000000000000100003	Access card batch	MG06	15,000	1.773,62	1	26.604,30
4500000425	00010		000000000000100018	Toner cartridge	MG05	30,000	413,35	1	12.400,50
4500000426	00010		000000000000100008	Guard shift	MG06	73,000	515,15	1	37.605,95
4500000427	00010		000000000000100004	CCTV maintenance	MG06	6,000	2.072,67	1	12.436,02
4500000428	00010		000000000000100005	Cement bag 50kg	MG01	782,000	2.047,00	100	16.007,54
4500000429	00010		000000000000100005	Cement bag 50kg	MG01	1.920,000	1.848,00	100	35.481,60
4500000430	00010		000000000000100006	Cleaning visit	MG03	4,000	1.372,64	1	5.490,56
4500000431	00010		000000000000100016	Rebar ton	MG01	4,000	2.663,09	1	10.652,36
4500000432	00010		000000000000100014	Pest control visit	MG03	37,000	643,03	1	23.792,11
4500000433	00010		000000000000100002	AC maintenance visit	MG03	8,000	912,02	1	7.296,16
4500000434	00010		000000000000100003	Access card batch	MG06	6,000	1.748,27	1	10.489,62
4500000435	00010		000000000000100008	Guard shift	MG06	37,000	461,73	1	17.084,01
4500000436	00010		000000000000100012	Network switch	MG04	5,000	3.701,24	1	18.506,20
4500000437	00010		000000000000100012	Network switch	MG04	6,000	3.596,14	1	21.576,84
4500000438	00010		000000000000100017	Staff lunch box	MG02	1.065,000	3.236,00	100	34.463,40
4500000439	00010		000000000000100019	Water carton	MG02	695,000	1.460,00	100	10.147,00
4500000440	00010		000000000000100001	A4 paper box	MG05	350,000	90,39	1	31.636,50
4500000441	00010		000000000000100014	Pest control visit	MG03	26,000	692,80	1	18.012,80
4500000442	00010		000000000000100010	Monitor 27in	MG04	3,000	1.090,86	1	3.272,58
4500000443	00010		000000000000100005	Cement bag 50kg	MG01	1.706,000	1.889,00	100	32.226,34
4500000444	00010		000000000000100018	Toner cartridge	MG05	35,000	451,41	1	15.799,35
4500000445	00010		000000000000100007	Event catering per head	MG02	119,000	149,34	1	17.771,46
4500000446	00010		000000000000100009	Laptop	MG04	1,000	4.928,22	1	4.928,22
4500000447	00010		000000000000100019	Water carton	MG02	1.310,000	1.306,00	100	17.108,60
4500000448	00010		000000000000100018	Toner cartridge	MG05	57,000	443,68	1	25.289,76
4500000449	00010		000000000000100015	Ready-mix m3	MG01	121,000	263,17	1	31.843,57
4500000450	00010		000000000000100001	A4 paper box	MG05	102,000	89,44	1	9.122,88
4500000451	00010		000000000000100019	Water carton	MG02	1.333,000	1.476,00	100	19.675,08
4500000452	00010		000000000000100015	Ready-mix m3	MG01	14,000	245,73	1	3.440,22
4500000453	00010		000000000000100009	Laptop	MG04	2,000	4.922,16	1	9.844,32
4500000454	00010		000000000000100006	Cleaning visit	MG03	28,000	1.247,05	1	34.917,40
4500000455	00010		000000000000100005	Cement bag 50kg	MG01	1.786,000	1.864,00	100	33.291,04
4500000456	00010		000000000000100010	Monitor 27in	MG04	3,000	1.190,67	1	3.572,01
4500000457	00010		000000000000100015	Ready-mix m3	MG01	125,000	274,45	1	34.306,25
4500000458	00010		000000000000100012	Network switch	MG04	5,000	3.859,49	1	19.297,45
4500000459	00010		000000000000100001	A4 paper box	MG05	89,000	89,93	1	8.003,77
4500000460	00010		000000000000100015	Ready-mix m3	MG01	103,000	283,59	1	29.209,77
4500000461	00010		000000000000100004	CCTV maintenance	MG06	13,000	2.183,15	1	28.380,95
4500000462	00010		000000000000100012	Network switch	MG04	3,000	3.610,09	1	10.830,27
4500000463	00010		000000000000100019	Water carton	MG02	655,000	1.430,00	100	9.366,50
4500000464	00010		000000000000100010	Monitor 27in	MG04	25,000	1.180,39	1	29.509,75
4500000465	00010		000000000000100006	Cleaning visit	MG03	17,000	1.323,55	1	22.500,35
4500000466	00010		000000000000100006	Cleaning visit	MG03	26,000	1.247,65	1	32.438,90
4500000467	00010		000000000000100002	AC maintenance visit	MG03	30,000	914,23	1	27.426,90
4500000468	00010		000000000000100006	Cleaning visit	MG03	8,000	1.274,13	1	10.193,04
4500000469	00010		000000000000100006	Cleaning visit	MG03	24,000	1.450,42	1	34.810,08
4500000470	00010		000000000000100015	Ready-mix m3	MG01	85,000	282,52	1	24.014,20
4500000471	00010		000000000000100018	Toner cartridge	MG05	61,000	405,02	1	24.706,22
4500000472	00010		000000000000100015	Ready-mix m3	MG01	111,000	274,47	1	30.466,17
4500000473	00010		000000000000100018	Toner cartridge	MG05	35,000	398,88	1	13.960,80
4500000474	00010		000000000000100003	Access card batch	MG06	20,000	1.816,75	1	36.335,00
4500000475	00010		000000000000100002	AC maintenance visit	MG03	27,000	967,12	1	26.112,24
4500000476	00010		000000000000100006	Cleaning visit	MG03	6,000	1.382,23	1	8.293,38
4500000477	00010		000000000000100018	Toner cartridge	MG05	52,000	388,25	1	20.189,00
4500000478	00010		000000000000100008	Guard shift	MG06	8,000	515,55	1	4.124,40
4500000479	00010		000000000000100017	Staff lunch box	MG02	1.147,000	3.390,00	100	38.883,30
4500000480	00010		000000000000100014	Pest control visit	MG03	9,000	641,33	1	5.771,97
4500000481	00010		000000000000100005	Cement bag 50kg	MG01	805,000	1.752,00	100	14.103,60
4500000482	00010		000000000000100015	Ready-mix m3	MG01	64,000	249,88	1	15.992,32
4500000483	00010		000000000000100018	Toner cartridge	MG05	92,000	449,82	1	41.383,44
4500000484	00010		000000000000100010	Monitor 27in	MG04	24,000	1.060,14	1	25.443,36
4500000485	00010		000000000000100012	Network switch	MG04	4,000	3.936,17	1	15.744,68
4500000486	00010		000000000000100006	Cleaning visit	MG03	20,000	1.316,86	1	26.337,20
4500000487	00010		000000000000100005	Cement bag 50kg	MG01	237,000	1.828,00	100	4.332,36
4500000488	00010		000000000000100004	CCTV maintenance	MG06	9,000	2.321,26	1	20.891,34
4500000489	00010		000000000000100008	Guard shift	MG06	61,000	481,93	1	29.397,73
4500000490	00010		000000000000100016	Rebar ton	MG01	1,000	2.794,57	1	2.794,57
4500000491	00010		000000000000100002	AC maintenance visit	MG03	33,000	943,59	1	31.138,47
4500000492	00010		000000000000100008	Guard shift	MG06	65,000	507,64	1	32.996,60
4500000493	00010		000000000000100010	Monitor 27in	MG04	23,000	1.115,52	1	25.656,96
4500000494	00010		000000000000100018	Toner cartridge	MG05	67,000	410,76	1	27.520,92
4500000495	00010		000000000000100009	Laptop	MG04	7,000	4.538,78	1	31.771,46
4500000496	00010		000000000000100017	Staff lunch box	MG02	650,000	3.256,00	100	21.164,00
4500000497	00010		000000000000100002	AC maintenance visit	MG03	27,000	928,71	1	25.075,17
4500000498	00010		000000000000100017	Staff lunch box	MG02	455,000	3.405,00	100	15.492,75
4500000499	00010		000000000000100008	Guard shift	MG06	11,000	504,72	1	5.551,92
4500000500	00010		000000000000100012	Network switch	MG04	3,000	3.851,95	1	11.555,85
4500000501	00010		000000000000100002	AC maintenance visit	MG03	39,000	857,51	1	33.442,89
4500000502	00010		000000000000100013	Office chair	MG05	43,000	781,36	1	33.598,48
4500000503	00010		000000000000100005	Cement bag 50kg	MG01	512,000	1.838,00	100	9.410,56
4500000504	00010		000000000000100015	Ready-mix m3	MG01	21,000	270,31	1	5.676,51
4500000505	00010		000000000000100007	Event catering per head	MG02	39,000	148,18	1	5.779,02
4500000506	00010		000000000000100006	Cleaning visit	MG03	21,000	1.269,55	1	26.660,55
4500000507	00010		000000000000100005	Cement bag 50kg	MG01	1.569,000	1.800,00	100	28.242,00
4500000508	00010		000000000000100018	Toner cartridge	MG05	92,000	389,41	1	35.825,72
4500000509	00010		000000000000100010	Monitor 27in	MG04	5,000	1.127,94	1	5.639,70
4500000510	00010		000000000000100012	Network switch	MG04	10,000	3.993,70	1	39.937,00
4500000511	00010		000000000000100013	Office chair	MG05	23,000	754,46	1	17.352,58
4500000512	00010		000000000000100004	CCTV maintenance	MG06	7,000	2.173,58	1	15.215,06
4500000513	00010		000000000000100004	CCTV maintenance	MG06	9,000	2.056,78	1	18.511,02
4500000514	00010		000000000000100019	Water carton	MG02	1.115,000	1.418,00	100	15.810,70
4500000515	00010		000000000000100006	Cleaning visit	MG03	3,000	1.431,54	1	4.294,62
4500000516	00010		000000000000100018	Toner cartridge	MG05	35,000	414,33	1	14.501,55
4500000517	00010		000000000000100016	Rebar ton	MG01	7,000	2.929,74	1	20.508,18
4500000518	00010		000000000000100012	Network switch	MG04	7,000	3.885,54	1	27.198,78
4500000519	00010		000000000000100007	Event catering per head	MG02	47,000	147,42	1	6.928,74
4500000520	00010		000000000000100012	Network switch	MG04	1,000	3.724,86	1	3.724,86
4500000521	00010		000000000000100006	Cleaning visit	MG03	26,000	1.296,34	1	33.704,84
4500000522	00010		000000000000100019	Water carton	MG02	306,000	1.309,00	100	4.005,54
4500000523	00010		000000000000100005	Cement bag 50kg	MG01	1.593,000	1.824,00	100	29.056,32
4500000524	00010		000000000000100012	Network switch	MG04	7,000	4.004,09	1	28.028,63
4500000525	00010		000000000000100014	Pest control visit	MG03	55,000	674,18	1	37.079,90
4500000526	00010		000000000000100009	Laptop	MG04	6,000	4.864,72	1	29.188,32
4500000527	00010		000000000000100012	Network switch	MG04	5,000	3.813,67	1	19.068,35
4500000528	00010		000000000000100008	Guard shift	MG06	77,000	489,94	1	37.725,38
4500000529	00010		000000000000100015	Ready-mix m3	MG01	135,000	279,47	1	37.728,45
4500000530	00010		000000000000100007	Event catering per head	MG02	146,000	142,14	1	20.752,44
4500000531	00010		000000000000100012	Network switch	MG04	9,000	3.752,60	1	33.773,40
4500000532	00010		000000000000100012	Network switch	MG04	1,000	3.972,49	1	3.972,49
4500000533	00010		000000000000100001	A4 paper box	MG05	263,000	99,33	1	26.123,79
4500000534	00010		000000000000100016	Rebar ton	MG01	5,000	3.006,14	1	15.030,70
4500000535	00010		000000000000100015	Ready-mix m3	MG01	12,000	260,28	1	3.123,36
4500000536	00010		000000000000100002	AC maintenance visit	MG03	31,000	922,30	1	28.591,30
4500000537	00010		000000000000100005	Cement bag 50kg	MG01	603,000	1.928,00	100	11.625,84
4500000538	00010		000000000000100005	Cement bag 50kg	MG01	240,000	2.018,00	100	4.843,20
4500000539	00010		000000000000100005	Cement bag 50kg	MG01	425,000	1.936,00	100	8.228,00
4500000540	00010		000000000000100003	Access card batch	MG06	8,000	1.588,41	1	12.707,28
4500000541	00010		000000000000100019	Water carton	MG02	1.069,000	1.383,00	100	14.784,27
4500000542	00010		000000000000100010	Monitor 27in	MG04	13,000	1.082,35	1	14.070,55
4500000543	00010		000000000000100002	AC maintenance visit	MG03	20,000	890,54	1	17.810,80
4500000544	00010		000000000000100007	Event catering per head	MG02	104,000	150,81	1	15.684,24
4500000545	00010		000000000000100010	Monitor 27in	MG04	2,000	1.176,87	1	2.353,74
4500000546	00010		000000000000100017	Staff lunch box	MG02	314,000	3.421,00	100	10.741,94
4500000547	00010		000000000000100013	Office chair	MG05	4,000	770,07	1	3.080,28
4500000548	00010		000000000000100002	AC maintenance visit	MG03	3,000	955,67	1	2.867,01
4500000549	00010		000000000000100001	A4 paper box	MG05	307,000	89,11	1	27.356,77
4500000550	00010		000000000000100018	Toner cartridge	MG05	32,000	438,72	1	14.039,04
4500000551	00010		000000000000100016	Rebar ton	MG01	6,000	3.066,47	1	18.398,82
4500000552	00010		000000000000100010	Monitor 27in	MG04	25,000	1.133,49	1	28.337,25
4500000553	00010		000000000000100016	Rebar ton	MG01	8,000	2.731,93	1	21.855,44
4500000554	00010		000000000000100006	Cleaning visit	MG03	2,000	1.341,92	1	2.683,84
4500000555	00010		000000000000100019	Water carton	MG02	2.308,000	1.404,00	100	32.404,32
4500000556	00010		000000000000100016	Rebar ton	MG01	11,000	2.845,15	1	31.296,65
4500000557	00010		000000000000100018	Toner cartridge	MG05	39,000	427,12	1	16.657,68
4500000558	00010		000000000000100007	Event catering per head	MG02	191,000	151,71	1	28.976,61
4500000559	00010		000000000000100009	Laptop	MG04	8,000	4.236,81	1	33.894,48
4500000560	00010		000000000000100016	Rebar ton	MG01	4,000	3.075,38	1	12.301,52
4500000561	00010		000000000000100003	Access card batch	MG06	19,000	1.793,17	1	34.070,23
4500000562	00010		000000000000100010	Monitor 27in	MG04	3,000	1.089,15	1	3.267,45
4500000563	00010		000000000000100019	Water carton	MG02	918,000	1.300,00	100	11.934,00
4500000564	00010		000000000000100007	Event catering per head	MG02	61,000	147,82	1	9.017,02
4500000565	00010		000000000000100009	Laptop	MG04	6,000	4.878,73	1	29.272,38
4500000566	00010		000000000000100014	Pest control visit	MG03	9,000	633,98	1	5.705,82
4500000567	00010		000000000000100009	Laptop	MG04	8,000	4.491,07	1	35.928,56
4500000568	00010		000000000000100010	Monitor 27in	MG04	12,000	1.240,20	1	14.882,40
4500000569	00010		000000000000100006	Cleaning visit	MG03	24,000	1.275,82	1	30.619,68
4500000570	00010		000000000000100008	Guard shift	MG06	12,000	477,92	1	5.735,04
4500000571	00010		000000000000100014	Pest control visit	MG03	32,000	643,59	1	20.594,88
4500000572	00010		000000000000100002	AC maintenance visit	MG03	11,000	951,30	1	10.464,30
4500000573	00010		000000000000100009	Laptop	MG04	7,000	4.268,72	1	29.881,04
4500000574	00010		000000000000100001	A4 paper box	MG05	201,000	91,21	1	18.333,21
4500000575	00010		000000000000100019	Water carton	MG02	205,000	1.363,00	100	2.794,15
4500000576	00010		000000000000100007	Event catering per head	MG02	139,000	138,37	1	19.233,43
4500000577	00010		000000000000100006	Cleaning visit	MG03	28,000	1.258,43	1	35.236,04
4500000578	00010		000000000000100016	Rebar ton	MG01	13,000	3.049,21	1	39.639,73
4500000579	00010		000000000000100015	Ready-mix m3	MG01	46,000	286,15	1	13.162,90
4500000580	00010		000000000000100007	Event catering per head	MG02	19,000	155,21	1	2.948,99
4500000581	00010		000000000000100004	CCTV maintenance	MG06	6,000	2.213,00	1	13.278,00
4500000582	00010		000000000000100004	CCTV maintenance	MG06	14,000	2.103,48	1	29.448,72
4500000583	00010		000000000000100006	Cleaning visit	MG03	20,000	1.360,87	1	27.217,40
4500000584	00010		000000000000100004	CCTV maintenance	MG06	10,000	2.173,61	1	21.736,10
4500000585	00010		000000000000100018	Toner cartridge	MG05	22,000	423,56	1	9.318,32
4500000586	00010		000000000000100004	CCTV maintenance	MG06	11,000	2.143,52	1	23.578,72
4500000587	00010		000000000000100001	A4 paper box	MG05	318,000	93,97	1	29.882,46
4500000588	00010		000000000000100009	Laptop	MG04	1,000	4.397,67	1	4.397,67
4500000589	00010		000000000000100006	Cleaning visit	MG03	25,000	1.367,02	1	34.175,50
4500000590	00010		000000000000100013	Office chair	MG05	22,000	839,23	1	18.463,06
4500000591	00010		000000000000100013	Office chair	MG05	3,000	746,38	1	2.239,14
4500000592	00010		000000000000100017	Staff lunch box	MG02	515,000	3.094,00	100	15.934,10
4500000593	00010		000000000000100019	Water carton	MG02	639,000	1.344,00	100	8.588,16
4500000594	00010		000000000000100001	A4 paper box	MG05	223,000	100,26	1	22.357,98
4500000595	00010		000000000000100010	Monitor 27in	MG04	22,000	1.103,60	1	24.279,20
4500000596	00010		000000000000100012	Network switch	MG04	7,000	3.962,06	1	27.734,42
4500000597	00010		000000000000100016	Rebar ton	MG01	4,000	2.855,16	1	11.420,64
4500000598	00010		000000000000100002	AC maintenance visit	MG03	39,000	837,58	1	32.665,62
4500000599	00010		000000000000100016	Rebar ton	MG01	1,000	2.708,53	1	2.708,53
4500000600	00010		000000000000100003	Access card batch	MG06	5,000	1.583,04	1	7.915,20
4500000601	00010		000000000000100002	AC maintenance visit	MG03	43,000	907,81	1	39.035,83
4500000602	00010		000000000000100003	Access card batch	MG06	8,000	1.593,78	1	12.750,24
4500000603	00010		000000000000100017	Staff lunch box	MG02	835,000	3.255,00	100	27.179,25
4500000604	00010		000000000000100006	Cleaning visit	MG03	21,000	1.301,65	1	27.334,65
4500000605	00010		000000000000100006	Cleaning visit	MG03	8,000	1.272,91	1	10.183,28
4500000606	00010		000000000000100017	Staff lunch box	MG02	848,000	2.968,00	100	25.168,64
4500000607	00010		000000000000100010	Monitor 27in	MG04	17,000	1.191,66	1	20.258,22
4500000608	00010		000000000000100001	A4 paper box	MG05	278,000	94,85	1	26.368,30
4500000609	00010		000000000000100014	Pest control visit	MG03	59,000	665,65	1	39.273,35
4500000610	00010		000000000000100015	Ready-mix m3	MG01	87,000	276,52	1	24.057,24
4500000611	00010		000000000000100009	Laptop	MG04	2,000	4.817,06	1	9.634,12
4500000612	00010		000000000000100010	Monitor 27in	MG04	22,000	1.096,73	1	24.128,06
4500000613	00010		000000000000100010	Monitor 27in	MG04	31,000	1.122,09	1	34.784,79
4500000614	00010		000000000000100010	Monitor 27in	MG04	23,000	1.102,49	1	25.357,27
4500000615	00010		000000000000100018	Toner cartridge	MG05	44,000	440,00	1	19.360,00
4500000616	00010		000000000000100007	Event catering per head	MG02	140,000	147,53	1	20.654,20
4500000617	00010		000000000000100013	Office chair	MG05	29,000	765,02	1	22.185,58
4500000618	00010		000000000000100006	Cleaning visit	MG03	16,000	1.306,95	1	20.911,20
4500000619	00010		000000000000100005	Cement bag 50kg	MG01	244,000	1.801,00	100	4.394,44
4500000620	00010		000000000000100019	Water carton	MG02	567,000	1.450,00	100	8.221,50
4500000621	00010		000000000000100001	A4 paper box	MG05	355,000	102,05	1	36.227,75
4500000622	00010		000000000000100006	Cleaning visit	MG03	19,000	1.284,78	1	24.410,82
4500000623	00010		000000000000100001	A4 paper box	MG05	233,000	93,32	1	21.743,56
4500000624	00010		000000000000100006	Cleaning visit	MG03	23,000	1.326,85	1	30.517,55
4500000625	00010		000000000000100006	Cleaning visit	MG03	16,000	1.455,81	1	23.292,96
4500000626	00010		000000000000100006	Cleaning visit	MG03	19,000	1.413,60	1	26.858,40
4500000627	00010		000000000000100002	AC maintenance visit	MG03	34,000	966,54	1	32.862,36
4500000628	00010		000000000000100018	Toner cartridge	MG05	23,000	443,50	1	10.200,50
4500000629	00010		000000000000100004	CCTV maintenance	MG06	3,000	2.172,64	1	6.517,92
4500000630	00010		000000000000100010	Monitor 27in	MG04	27,000	1.063,05	1	28.702,35
4500000631	00010		000000000000100015	Ready-mix m3	MG01	97,000	259,84	1	25.204,48
4500000632	00010		000000000000100008	Guard shift	MG06	19,000	442,11	1	8.400,09
4500000633	00010		000000000000100016	Rebar ton	MG01	4,000	2.843,48	1	11.373,92
4500000634	00010		000000000000100014	Pest control visit	MG03	57,000	654,33	1	37.296,81
4500000635	00010		000000000000100005	Cement bag 50kg	MG01	2.085,000	1.932,00	100	40.282,20
4500000636	00010		000000000000100015	Ready-mix m3	MG01	55,000	276,10	1	15.185,50
4500000637	00010		000000000000100014	Pest control visit	MG03	13,000	601,11	1	7.814,43
4500000638	00010		000000000000100001	A4 paper box	MG05	41,000	96,23	1	3.945,43
4500000639	00010		000000000000100002	AC maintenance visit	MG03	43,000	935,66	1	40.233,38
4500000640	00010		000000000000100009	Laptop	MG04	6,000	4.430,50	1	26.583,00
4500000641	00010		000000000000100014	Pest control visit	MG03	58,000	695,77	1	40.354,66
4500000642	00010		000000000000100001	A4 paper box	MG05	58,000	99,32	1	5.760,56
4500000643	00010		000000000000100019	Water carton	MG02	185,000	1.454,00	100	2.689,90
4500000644	00010		000000000000100003	Access card batch	MG06	22,000	1.772,64	1	38.998,08
4500000645	00010		000000000000100018	Toner cartridge	MG05	94,000	411,96	1	38.724,24
4500000646	00010		000000000000100004	CCTV maintenance	MG06	8,000	2.316,87	1	18.534,96
4500000647	00010		000000000000100009	Laptop	MG04	3,000	4.953,27	1	14.859,81
4500000648	00010		000000000000100002	AC maintenance visit	MG03	36,000	866,72	1	31.201,92
4500000649	00010		000000000000100009	Laptop	MG04	2,000	4.825,04	1	9.650,08
4500000650	00010		000000000000100010	Monitor 27in	MG04	33,000	1.064,76	1	35.137,08
4500000651	00010		000000000000100010	Monitor 27in	MG04	2,000	1.136,39	1	2.272,78
4500000652	00010		000000000000100006	Cleaning visit	MG03	2,000	1.327,89	1	2.655,78
4500000653	00010		000000000000100013	Office chair	MG05	12,000	816,60	1	9.799,20
4500000654	00010		000000000000100005	Cement bag 50kg	MG01	1.973,000	1.802,00	100	35.553,46
4500000655	00010		000000000000100003	Access card batch	MG06	20,000	1.688,65	1	33.773,00
4500000656	00010		000000000000100001	A4 paper box	MG05	335,000	99,39	1	33.295,65
4500000657	00010		000000000000100015	Ready-mix m3	MG01	37,000	259,29	1	9.593,73
4500000658	00010		000000000000100019	Water carton	MG02	2.657,000	1.445,00	100	38.393,65
4500000659	00010		000000000000100015	Ready-mix m3	MG01	135,000	263,82	1	35.615,70
4500000660	00010		000000000000100004	CCTV maintenance	MG06	17,000	2.080,95	1	35.376,15
4500000661	00010		000000000000100009	Laptop	MG04	7,000	4.267,38	1	29.871,66
4500000662	00010		000000000000100018	Toner cartridge	MG05	93,000	410,58	1	38.183,94
4500000663	00010		000000000000100001	A4 paper box	MG05	237,000	101,21	1	23.986,77
4500000664	00010		000000000000100017	Staff lunch box	MG02	257,000	3.225,00	100	8.288,25
4500000665	00010		000000000000100016	Rebar ton	MG01	4,000	2.847,58	1	11.390,32
4500000666	00010		000000000000100008	Guard shift	MG06	72,000	503,53	1	36.254,16
4500000667	00010		000000000000100019	Water carton	MG02	2.657,000	1.473,00	100	39.137,61
4500000668	00010		000000000000100014	Pest control visit	MG03	42,000	606,29	1	25.464,18
4500000669	00010		000000000000100015	Ready-mix m3	MG01	94,000	283,91	1	26.687,54
4500000670	00010		000000000000100005	Cement bag 50kg	MG01	1.325,000	1.928,00	100	25.546,00
4500000671	00010		000000000000100019	Water carton	MG02	1.498,000	1.422,00	100	21.301,56
4500000672	00010		000000000000100006	Cleaning visit	MG03	23,000	1.298,45	1	29.864,35
4500000673	00010		000000000000100010	Monitor 27in	MG04	15,000	1.105,12	1	16.576,80
4500000674	00010		000000000000100001	A4 paper box	MG05	318,000	90,38	1	28.740,84
4500000675	00010		000000000000100001	A4 paper box	MG05	405,000	96,52	1	39.090,60
4500000676	00010		000000000000100017	Staff lunch box	MG02	601,000	3.240,00	100	19.472,40
4500000677	00010		000000000000100009	Laptop	MG04	5,000	4.524,05	1	22.620,25
4500000678	00010		000000000000100010	Monitor 27in	MG04	21,000	1.108,51	1	23.278,71
4500000679	00010		000000000000100013	Office chair	MG05	27,000	730,97	1	19.736,19
4500000680	00010		000000000000100014	Pest control visit	MG03	33,000	701,85	1	23.161,05
4500000681	00010		000000000000100012	Network switch	MG04	2,000	3.650,98	1	7.301,96
4500000682	00010		000000000000100004	CCTV maintenance	MG06	4,000	2.153,62	1	8.614,48
4500000683	00010		000000000000100010	Monitor 27in	MG04	2,000	1.095,65	1	2.191,30
4500000684	00010		000000000000100014	Pest control visit	MG03	14,000	693,21	1	9.704,94
4500000685	00010		000000000000100016	Rebar ton	MG01	13,000	2.783,03	1	36.179,39
4500000686	00010		000000000000100014	Pest control visit	MG03	14,000	618,94	1	8.665,16
4500000687	00010		000000000000100006	Cleaning visit	MG03	3,000	1.388,06	1	4.164,18
4500000688	00010		000000000000100002	AC maintenance visit	MG03	22,000	937,01	1	20.614,22
4500000689	00010		000000000000100019	Water carton	MG02	2.440,000	1.302,00	100	31.768,80
4500000690	00010		000000000000100009	Laptop	MG04	3,000	4.768,05	1	14.304,15
4500000691	00010		000000000000100016	Rebar ton	MG01	8,000	2.782,77	1	22.262,16
4500000692	00010		000000000000100015	Ready-mix m3	MG01	16,000	266,82	1	4.269,12
4500000693	00010		000000000000100018	Toner cartridge	MG05	82,000	397,70	1	32.611,40
4500000694	00010		000000000000100009	Laptop	MG04	1,000	4.461,37	1	4.461,37
4500000695	00010		000000000000100018	Toner cartridge	MG05	69,000	438,06	1	30.226,14
4500000696	00010		000000000000100014	Pest control visit	MG03	13,000	676,85	1	8.799,05
4500000697	00010		000000000000100001	A4 paper box	MG05	366,000	96,21	1	35.212,86
4500000698	00010		000000000000100009	Laptop	MG04	1,000	4.683,42	1	4.683,42
4500000699	00010		000000000000100003	Access card batch	MG06	11,000	1.655,64	1	18.212,04
4500000700	00010		000000000000100014	Pest control visit	MG03	6,000	698,82	1	4.192,92
4500000701	00010		000000000000100002	AC maintenance visit	MG03	4,000	877,08	1	3.508,32
4500000702	00010		000000000000100004	CCTV maintenance	MG06	7,000	2.294,96	1	16.064,72
4500000703	00010		000000000000100008	Guard shift	MG06	39,000	497,58	1	19.405,62
4500000704	00010		000000000000100016	Rebar ton	MG01	9,000	2.868,87	1	25.819,83
4500000705	00010		000000000000100010	Monitor 27in	MG04	34,000	1.216,51	1	41.361,34
4500000706	00010		000000000000100006	Cleaning visit	MG03	27,000	1.333,03	1	35.991,81
4500000707	00010		000000000000100008	Guard shift	MG06	36,000	481,60	1	17.337,60
4500000708	00010		000000000000100006	Cleaning visit	MG03	16,000	1.397,11	1	22.353,76
4500000709	00010		000000000000100018	Toner cartridge	MG05	26,000	400,25	1	10.406,50
4500000710	00010		000000000000100008	Guard shift	MG06	5,000	500,44	1	2.502,20
4500000711	00010		000000000000100007	Event catering per head	MG02	22,000	139,37	1	3.066,14
4500000712	00010		000000000000100004	CCTV maintenance	MG06	17,000	2.101,52	1	35.725,84
4500000713	00010		000000000000100009	Laptop	MG04	2,000	4.671,31	1	9.342,62
4500000714	00010		000000000000100014	Pest control visit	MG03	2,000	668,16	1	1.336,32
4500000715	00010		000000000000100003	Access card batch	MG06	14,000	1.678,37	1	23.497,18
4500000716	00010		000000000000100001	A4 paper box	MG05	98,000	100,29	1	9.828,42
4500000717	00010		000000000000100005	Cement bag 50kg	MG01	428,000	1.835,00	100	7.853,80
4500000718	00010		000000000000100016	Rebar ton	MG01	12,000	2.937,34	1	35.248,08
4500000719	00010		000000000000100004	CCTV maintenance	MG06	6,000	2.061,19	1	12.367,14
4500000720	00010		000000000000100009	Laptop	MG04	4,000	4.499,16	1	17.996,64
4500000721	00010		000000000000100016	Rebar ton	MG01	12,000	2.676,75	1	32.121,00
4500000722	00010		000000000000100008	Guard shift	MG06	30,000	463,30	1	13.899,00
4500000723	00010		000000000000100007	Event catering per head	MG02	142,000	150,32	1	21.345,44
4500000724	00010		000000000000100005	Cement bag 50kg	MG01	1.386,000	2.025,00	100	28.066,50
4500000725	00010		000000000000100016	Rebar ton	MG01	7,000	2.819,13	1	19.733,91
4500000726	00010		000000000000100010	Monitor 27in	MG04	19,000	1.081,88	1	20.555,72
4500000727	00010		000000000000100012	Network switch	MG04	9,000	3.708,65	1	33.377,85
4500000728	00010		000000000000100013	Office chair	MG05	46,000	764,82	1	35.181,72
4500000729	00010		000000000000100019	Water carton	MG02	659,000	1.449,00	100	9.548,91
4500000730	00010		000000000000100014	Pest control visit	MG03	53,000	668,79	1	35.445,87
4500000731	00010		000000000000100007	Event catering per head	MG02	121,000	156,03	1	18.879,63
4500000732	00010		000000000000100012	Network switch	MG04	3,000	3.926,50	1	11.779,50
4500000733	00010		000000000000100009	Laptop	MG04	1,000	4.598,83	1	4.598,83
4500000734	00010		000000000000100010	Monitor 27in	MG04	21,000	1.233,31	1	25.899,51
4500000735	00010		000000000000100004	CCTV maintenance	MG06	17,000	2.215,89	1	37.670,13
4500000736	00010		000000000000100004	CCTV maintenance	MG06	16,000	2.362,61	1	37.801,76
4500000737	00010		000000000000100006	Cleaning visit	MG03	1,000	1.323,67	1	1.323,67
4500000738	00010		000000000000100001	A4 paper box	MG05	390,000	98,14	1	38.274,60
4500000739	00010		000000000000100012	Network switch	MG04	8,000	3.926,29	1	31.410,32
4500000740	00010		000000000000100019	Water carton	MG02	1.232,000	1.300,00	100	16.016,00
4500000741	00010		000000000000100004	CCTV maintenance	MG06	11,000	2.352,35	1	25.875,85
4500000742	00010		000000000000100003	Access card batch	MG06	9,000	1.621,72	1	14.595,48
4500000743	00010		000000000000100010	Monitor 27in	MG04	29,000	1.086,56	1	31.510,24
4500000744	00010		000000000000100017	Staff lunch box	MG02	638,000	3.350,00	100	21.373,00
4500000745	00010		000000000000100003	Access card batch	MG06	2,000	1.808,44	1	3.616,88
4500000746	00010		000000000000100017	Staff lunch box	MG02	317,000	3.145,00	100	9.969,65
4500000747	00010		000000000000100006	Cleaning visit	MG03	11,000	1.352,28	1	14.875,08
4500000748	00010		000000000000100007	Event catering per head	MG02	131,000	154,94	1	20.297,14
4500000749	00010		000000000000100003	Access card batch	MG06	20,000	1.663,61	1	33.272,20
4500000750	00010		000000000000100016	Rebar ton	MG01	10,000	2.952,31	1	29.523,10
4500000751	00010		000000000000100002	AC maintenance visit	MG03	32,000	965,70	1	30.902,40
4500000752	00010		000000000000100003	Access card batch	MG06	21,000	1.815,64	1	38.128,44
4500000753	00010		000000000000100008	Guard shift	MG06	38,000	497,57	1	18.907,66
4500000754	00010		000000000000100013	Office chair	MG05	10,000	740,57	1	7.405,70
4500000755	00010		000000000000100002	AC maintenance visit	MG03	18,000	865,45	1	15.578,10
4500000756	00010		000000000000100010	Monitor 27in	MG04	28,000	1.178,57	1	32.999,96
4500000757	00010		000000000000100003	Access card batch	MG06	5,000	1.799,00	1	8.995,00
4500000758	00010		000000000000100015	Ready-mix m3	MG01	126,000	247,41	1	31.173,66
4500000759	00010		000000000000100007	Event catering per head	MG02	96,000	144,31	1	13.853,76
4500000760	00010		000000000000100012	Network switch	MG04	4,000	3.981,42	1	15.925,68
4500000761	00010		000000000000100007	Event catering per head	MG02	182,000	151,12	1	27.503,84
4500000762	00010		000000000000100004	CCTV maintenance	MG06	5,000	2.084,79	1	10.423,95
4500000763	00010		000000000000100001	A4 paper box	MG05	91,000	92,98	1	8.461,18
4500000764	00010		000000000000100015	Ready-mix m3	MG01	102,000	280,43	1	28.603,86
4500000765	00010		000000000000100002	AC maintenance visit	MG03	29,000	864,07	1	25.058,03
4500000766	00010		000000000000100007	Event catering per head	MG02	61,000	151,43	1	9.237,23
4500000767	00010		000000000000100008	Guard shift	MG06	53,000	510,56	1	27.059,68
4500000768	00010		000000000000100014	Pest control visit	MG03	61,000	638,42	1	38.943,62
4500000769	00010		000000000000100005	Cement bag 50kg	MG01	1.033,000	1.872,00	100	19.337,76
4500000770	00010		000000000000100014	Pest control visit	MG03	18,000	635,49	1	11.438,82
4500000771	00010		000000000000100008	Guard shift	MG06	56,000	492,78	1	27.595,68
4500000772	00010		000000000000100003	Access card batch	MG06	9,000	1.805,81	1	16.252,29
4500000773	00010		000000000000100019	Water carton	MG02	741,000	1.411,00	100	10.455,51
4500000774	00010		000000000000100019	Water carton	MG02	1.207,000	1.306,00	100	15.763,42
4500000775	00010		000000000000100006	Cleaning visit	MG03	7,000	1.419,69	1	9.937,83
4500000776	00010		000000000000100009	Laptop	MG04	2,000	4.939,22	1	9.878,44
4500000777	00010		000000000000100003	Access card batch	MG06	11,000	1.646,46	1	18.111,06
4500000778	00010		000000000000100003	Access card batch	MG06	19,000	1.692,63	1	32.159,97
4500000779	00010		000000000000100002	AC maintenance visit	MG03	19,000	896,65	1	17.036,35
4500000780	00010		000000000000100004	CCTV maintenance	MG06	8,000	2.208,42	1	17.667,36
4500000781	00010		000000000000100013	Office chair	MG05	33,000	759,07	1	25.049,31
4500000782	00010		000000000000100013	Office chair	MG05	12,000	732,76	1	8.793,12
4500000783	00010		000000000000100003	Access card batch	MG06	6,000	1.800,54	1	10.803,24
4500000784	00010		000000000000100006	Cleaning visit	MG03	9,000	1.332,55	1	11.992,95
4500000785	00010		000000000000100002	AC maintenance visit	MG03	40,000	949,98	1	37.999,20
4500000786	00010		000000000000100007	Event catering per head	MG02	196,000	140,87	1	27.610,52
4500000787	00010		000000000000100019	Water carton	MG02	2.342,000	1.334,00	100	31.242,28
4500000788	00010		000000000000100015	Ready-mix m3	MG01	37,000	251,96	1	9.322,52
4500000789	00010		000000000000100010	Monitor 27in	MG04	3,000	1.111,42	1	3.334,26
4500000790	00010		000000000000100002	AC maintenance visit	MG03	11,000	959,59	1	10.555,49
4500000791	00010		000000000000100018	Toner cartridge	MG05	50,000	423,43	1	21.171,50
4500000792	00010		000000000000100006	Cleaning visit	MG03	20,000	1.426,47	1	28.529,40
4500000793	00010		000000000000100001	A4 paper box	MG05	125,000	96,80	1	12.100,00
4500000794	00010		000000000000100004	CCTV maintenance	MG06	10,000	2.074,11	1	20.741,10
4500000795	00010		000000000000100001	A4 paper box	MG05	119,000	96,22	1	11.450,18
4500000796	00010		000000000000100005	Cement bag 50kg	MG01	1.114,000	2.032,00	100	22.636,48
4500000797	00010		000000000000100012	Network switch	MG04	8,000	3.869,18	1	30.953,44
4500000798	00010		000000000000100019	Water carton	MG02	1.832,000	1.427,00	100	26.142,64
4500000799	00010		000000000000100014	Pest control visit	MG03	49,000	605,15	1	29.652,35
4500000800	00010		000000000000100006	Cleaning visit	MG03	17,000	1.286,25	1	21.866,25
4500000801	00010		000000000000100016	Rebar ton	MG01	4,000	3.030,35	1	12.121,40
4500000802	00010		000000000000100010	Monitor 27in	MG04	20,000	1.103,82	1	22.076,40
4500000803	00010		000000000000100010	Monitor 27in	MG04	12,000	1.130,05	1	13.560,60
4500000804	00010		000000000000100015	Ready-mix m3	MG01	79,000	262,02	1	20.699,58
4500000805	00010		000000000000100016	Rebar ton	MG01	3,000	2.954,56	1	8.863,68
4500000806	00010		000000000000100016	Rebar ton	MG01	7,000	2.906,59	1	20.346,13
4500000807	00010		000000000000100002	AC maintenance visit	MG03	17,000	837,84	1	14.243,28
4500000808	00010		000000000000100008	Guard shift	MG06	71,000	453,85	1	32.223,35
4500000809	00010		000000000000100017	Staff lunch box	MG02	228,000	3.294,00	100	7.510,32
4500000810	00010		000000000000100005	Cement bag 50kg	MG01	1.981,000	1.891,00	100	37.460,71
4500000811	00010		000000000000100015	Ready-mix m3	MG01	113,000	271,09	1	30.633,17
4500000812	00010		000000000000100015	Ready-mix m3	MG01	98,000	284,70	1	27.900,60
4500000813	00010		000000000000100009	Laptop	MG04	1,000	4.696,61	1	4.696,61
4500000814	00010		000000000000100017	Staff lunch box	MG02	1.058,000	3.270,00	100	34.596,60
4500000815	00010		000000000000100003	Access card batch	MG06	16,000	1.589,78	1	25.436,48
4500000816	00010		000000000000100005	Cement bag 50kg	MG01	942,000	1.818,00	100	17.125,56
4500000817	00010		000000000000100002	AC maintenance visit	MG03	15,000	925,15	1	13.877,25
4500000818	00010		000000000000100014	Pest control visit	MG03	5,000	668,00	1	3.340,00
4500000819	00010		000000000000100009	Laptop	MG04	8,000	4.373,94	1	34.991,52
4500000820	00010		000000000000100018	Toner cartridge	MG05	9,000	439,99	1	3.959,91
4500000821	00010		000000000000100002	AC maintenance visit	MG03	41,000	890,60	1	36.514,60
4500000822	00010		000000000000100004	CCTV maintenance	MG06	2,000	2.191,84	1	4.383,68
4500000823	00010		000000000000100013	Office chair	MG05	11,000	781,96	1	8.601,56
4500000824	00010		000000000000100009	Laptop	MG04	3,000	4.433,08	1	13.299,24
4500000825	00010		000000000000100005	Cement bag 50kg	MG01	1.327,000	1.959,00	100	25.995,93
4500000826	00010		000000000000100018	Toner cartridge	MG05	91,000	409,00	1	37.219,00
4500000827	00010		000000000000100002	AC maintenance visit	MG03	9,000	924,17	1	8.317,53
4500000828	00010		000000000000100018	Toner cartridge	MG05	19,000	391,80	1	7.444,20
4500000829	00010		000000000000100007	Event catering per head	MG02	56,000	148,71	1	8.327,76
4500000830	00010		000000000000100017	Staff lunch box	MG02	736,000	3.040,00	100	22.374,40
4500000831	00010		000000000000100008	Guard shift	MG06	34,000	489,54	1	16.644,36
4500000832	00010		000000000000100004	CCTV maintenance	MG06	2,000	2.179,12	1	4.358,24
4500000833	00010		000000000000100018	Toner cartridge	MG05	46,000	423,66	1	19.488,36
4500000834	00010		000000000000100014	Pest control visit	MG03	41,000	668,69	1	27.416,29
4500000835	00010		000000000000100014	Pest control visit	MG03	42,000	672,62	1	28.250,04
4500000836	00010		000000000000100013	Office chair	MG05	30,000	781,38	1	23.441,40
4500000837	00010		000000000000100010	Monitor 27in	MG04	28,000	1.103,71	1	30.903,88
4500000838	00010		000000000000100019	Water carton	MG02	2.849,000	1.481,00	100	42.193,69
4500000839	00010		000000000000100012	Network switch	MG04	8,000	3.855,38	1	30.843,04
4500000840	00010		000000000000100005	Cement bag 50kg	MG01	1.560,000	1.950,00	100	30.420,00
4500000841	00010		000000000000100016	Rebar ton	MG01	3,000	2.805,05	1	8.415,15
4500000842	00010		000000000000100013	Office chair	MG05	8,000	818,71	1	6.549,68
4500000843	00010		000000000000100001	A4 paper box	MG05	60,000	98,69	1	5.921,40
4500000844	00010		000000000000100002	AC maintenance visit	MG03	26,000	832,68	1	21.649,68
4500000845	00010		000000000000100007	Event catering per head	MG02	58,000	144,58	1	8.385,64
4500000846	00010		000000000000100010	Monitor 27in	MG04	23,000	1.067,98	1	24.563,54
4500000847	00010		000000000000100010	Monitor 27in	MG04	17,000	1.143,86	1	19.445,62
4500000848	00010		000000000000100019	Water carton	MG02	1.367,000	1.472,00	100	20.122,24
4500000849	00010		000000000000100004	CCTV maintenance	MG06	9,000	2.069,73	1	18.627,57
4500000850	00010		000000000000100001	A4 paper box	MG05	91,000	93,08	1	8.470,28
4500000851	00010		000000000000100006	Cleaning visit	MG03	17,000	1.370,53	1	23.299,01
4500000852	00010		000000000000100014	Pest control visit	MG03	4,000	699,82	1	2.799,28
4500000853	00010		000000000000100006	Cleaning visit	MG03	6,000	1.274,95	1	7.649,70
4500000854	00010		000000000000100003	Access card batch	MG06	8,000	1.773,26	1	14.186,08
4500000855	00010		000000000000100014	Pest control visit	MG03	9,000	693,40	1	6.240,60
4500000856	00010		000000000000100015	Ready-mix m3	MG01	109,000	254,83	1	27.776,47
4500000857	00010		000000000000100009	Laptop	MG04	2,000	4.604,65	1	9.209,30
4500000858	00010		000000000000100007	Event catering per head	MG02	270,000	145,85	1	39.379,50
4500000859	00010		000000000000100001	A4 paper box	MG05	272,000	89,49	1	24.341,28
4500000860	00010		000000000000100010	Monitor 27in	MG04	34,000	1.218,91	1	41.442,94
4500000861	00010		000000000000100013	Office chair	MG05	11,000	755,02	1	8.305,22
4500000862	00010		000000000000100010	Monitor 27in	MG04	5,000	1.110,78	1	5.553,90
4500000863	00010		000000000000100002	AC maintenance visit	MG03	14,000	892,98	1	12.501,72
4500000864	00010		000000000000100017	Staff lunch box	MG02	814,000	3.356,00	100	27.317,84
4500000865	00010		000000000000100013	Office chair	MG05	33,000	808,21	1	26.670,93
4500000866	00010		000000000000100019	Water carton	MG02	1.041,000	1.497,00	100	15.583,77
4500000867	00010		000000000000100019	Water carton	MG02	2.696,000	1.495,00	100	40.305,20
4500000868	00010		000000000000100016	Rebar ton	MG01	10,000	3.028,14	1	30.281,40
4500000869	00010		000000000000100014	Pest control visit	MG03	14,000	634,86	1	8.888,04
4500000870	00010		000000000000100004	CCTV maintenance	MG06	14,000	2.259,08	1	31.627,12
4500000871	00010		000000000000100005	Cement bag 50kg	MG01	262,000	1.819,00	100	4.765,78
4500000872	00010		000000000000100017	Staff lunch box	MG02	212,000	3.022,00	100	6.406,64
4500000873	00010		000000000000100018	Toner cartridge	MG05	11,000	402,80	1	4.430,80
4500000874	00010		000000000000100005	Cement bag 50kg	MG01	1.078,000	1.811,00	100	19.522,58
4500000875	00010		000000000000100005	Cement bag 50kg	MG01	936,000	1.947,00	100	18.223,92
4500000876	00010		000000000000100013	Office chair	MG05	26,000	817,01	1	21.242,26
4500000877	00010		000000000000100007	Event catering per head	MG02	239,000	141,82	1	33.894,98
4500000878	00010		000000000000100018	Toner cartridge	MG05	64,000	449,74	1	28.783,36
4500000879	00010		000000000000100004	CCTV maintenance	MG06	1,000	2.304,57	1	2.304,57
4500000880	00010		000000000000100018	Toner cartridge	MG05	84,000	425,24	1	35.720,16
4500000881	00010		000000000000100014	Pest control visit	MG03	12,000	618,08	1	7.416,96
4500000882	00010		000000000000100006	Cleaning visit	MG03	3,000	1.455,98	1	4.367,94
4500000883	00010		000000000000100007	Event catering per head	MG02	36,000	147,05	1	5.293,80
4500000884	00010		000000000000100012	Network switch	MG04	4,000	4.181,83	1	16.727,32
4500000885	00010		000000000000100010	Monitor 27in	MG04	1,000	1.165,68	1	1.165,68
4500000886	00010		000000000000100018	Toner cartridge	MG05	27,000	403,29	1	10.888,83
4500000887	00010		000000000000100014	Pest control visit	MG03	12,000	656,01	1	7.872,12
4500000888	00010		000000000000100010	Monitor 27in	MG04	19,000	1.095,66	1	20.817,54
4500000889	00010		000000000000100009	Laptop	MG04	6,000	4.835,62	1	29.013,72
4500000890	00010		000000000000100013	Office chair	MG05	2,000	819,43	1	1.638,86
4500000891	00010		000000000000100005	Cement bag 50kg	MG01	1.047,000	1.772,00	100	18.552,84
4500000892	00010		000000000000100007	Event catering per head	MG02	257,000	134,35	1	34.527,95
4500000893	00010		000000000000100002	AC maintenance visit	MG03	36,000	884,06	1	31.826,16
4500000894	00010		000000000000100013	Office chair	MG05	43,000	767,30	1	32.993,90
4500000895	00010		000000000000100015	Ready-mix m3	MG01	67,000	266,56	1	17.859,52
4500000896	00010		000000000000100014	Pest control visit	MG03	37,000	676,22	1	25.020,14
4500000897	00010		000000000000100014	Pest control visit	MG03	23,000	616,39	1	14.176,97
4500000898	00010		000000000000100017	Staff lunch box	MG02	1.153,000	2.999,00	100	34.578,47
4500000899	00010		000000000000100012	Network switch	MG04	5,000	3.775,44	1	18.877,20
4500000900	00010		000000000000100017	Staff lunch box	MG02	87,000	3.194,00	100	2.778,78
4500000901	00010		000000000000100018	Toner cartridge	MG05	17,000	451,91	1	7.682,47
4500000902	00010		000000000000100003	Access card batch	MG06	1,000	1.761,51	1	1.761,51
4500000903	00010		000000000000100004	CCTV maintenance	MG06	11,000	2.074,12	1	22.815,32
4500000904	00010		000000000000100018	Toner cartridge	MG05	49,000	397,23	1	19.464,27
4500000905	00010		000000000000100013	Office chair	MG05	28,000	793,59	1	22.220,52
4500000906	00010		000000000000100010	Monitor 27in	MG04	11,000	1.100,86	1	12.109,46
4500000907	00010		000000000000100007	Event catering per head	MG02	73,000	135,14	1	9.865,22
4500000908	00010		000000000000100002	AC maintenance visit	MG03	23,000	899,71	1	20.693,33
4500000909	00010		000000000000100018	Toner cartridge	MG05	28,000	447,15	1	12.520,20
4500000910	00010		000000000000100018	Toner cartridge	MG05	25,000	432,75	1	10.818,75
4500000911	00010		000000000000100003	Access card batch	MG06	19,000	1.708,06	1	32.453,14
4500000912	00010		000000000000100002	AC maintenance visit	MG03	44,000	889,93	1	39.156,92
4500000913	00010		000000000000100008	Guard shift	MG06	69,000	463,44	1	31.977,36
4500000914	00010		000000000000100007	Event catering per head	MG02	75,000	136,19	1	10.214,25
4500000915	00010		000000000000100013	Office chair	MG05	10,000	827,89	1	8.278,90
4500000916	00010		000000000000100009	Laptop	MG04	1,000	4.861,64	1	4.861,64
4500000917	00010		000000000000100017	Staff lunch box	MG02	148,000	3.214,00	100	4.756,72
4500000918	00010		000000000000100012	Network switch	MG04	2,000	3.647,15	1	7.294,30
4500000919	00010		000000000000100015	Ready-mix m3	MG01	17,000	271,20	1	4.610,40
4500000920	00010		000000000000100012	Network switch	MG04	5,000	3.729,46	1	18.647,30
4500000921	00010		000000000000100018	Toner cartridge	MG05	65,000	436,32	1	28.360,80
4500000922	00010		000000000000100007	Event catering per head	MG02	187,000	149,02	1	27.866,74
4500000923	00010		000000000000100018	Toner cartridge	MG05	6,000	448,36	1	2.690,16
4500000924	00010		000000000000100008	Guard shift	MG06	63,000	496,90	1	31.304,70
4500000925	00010		000000000000100001	A4 paper box	MG05	144,000	94,56	1	13.616,64
4500000926	00010		000000000000100005	Cement bag 50kg	MG01	1.718,000	1.898,00	100	32.607,64
4500000927	00010		000000000000100015	Ready-mix m3	MG01	39,000	263,81	1	10.288,59
4500000928	00010		000000000000100002	AC maintenance visit	MG03	3,000	830,39	1	2.491,17
4500000929	00010		000000000000100017	Staff lunch box	MG02	672,000	3.006,00	100	20.200,32
4500000930	00010		000000000000100009	Laptop	MG04	2,000	4.268,87	1	8.537,74
4500000931	00010		000000000000100015	Ready-mix m3	MG01	102,000	279,92	1	28.551,84
4500000932	00010		000000000000100016	Rebar ton	MG01	13,000	2.844,74	1	36.981,62
4500000933	00010		000000000000100016	Rebar ton	MG01	13,000	2.916,63	1	37.916,19
4500000934	00010		000000000000100012	Network switch	MG04	9,000	3.638,01	1	32.742,09
4500000935	00010		000000000000100005	Cement bag 50kg	MG01	1.637,000	1.789,00	100	29.285,93
4500000936	00010		000000000000100006	Cleaning visit	MG03	2,000	1.417,71	1	2.835,42
4500000937	00010		000000000000100014	Pest control visit	MG03	18,000	687,50	1	12.375,00
4500000938	00010		000000000000100001	A4 paper box	MG05	166,000	99,16	1	16.460,56
4500000939	00010		000000000000100015	Ready-mix m3	MG01	49,000	248,93	1	12.197,57
4500000940	00010		000000000000100007	Event catering per head	MG02	133,000	155,49	1	20.680,17
4500000941	00010		000000000000100010	Monitor 27in	MG04	2,000	1.115,07	1	2.230,14
4500000942	00010		000000000000100004	CCTV maintenance	MG06	4,000	2.092,86	1	8.371,44
4500000943	00010		000000000000100009	Laptop	MG04	2,000	4.421,31	1	8.842,62
4500000944	00010		000000000000100005	Cement bag 50kg	MG01	260,000	1.934,00	100	5.028,40
4500000945	00010		000000000000100009	Laptop	MG04	2,000	4.836,64	1	9.673,28
4500000946	00010		000000000000100018	Toner cartridge	MG05	84,000	401,66	1	33.739,44
4500000947	00010		000000000000100019	Water carton	MG02	342,000	1.403,00	100	4.798,26
4500000948	00010		000000000000100001	A4 paper box	MG05	338,000	92,08	1	31.123,04
4500000949	00010		000000000000100003	Access card batch	MG06	22,000	1.737,72	1	38.229,84
4500000950	00010		000000000000100015	Ready-mix m3	MG01	57,000	246,93	1	14.075,01
4500000951	00010		000000000000100014	Pest control visit	MG03	29,000	685,97	1	19.893,13
4500000952	00010		000000000000100001	A4 paper box	MG05	354,000	101,17	1	35.814,18
4500000953	00010		000000000000100004	CCTV maintenance	MG06	13,000	2.024,87	1	26.323,31
4500000954	00010		000000000000100004	CCTV maintenance	MG06	13,000	2.087,40	1	27.136,20
4500000955	00010		000000000000100002	AC maintenance visit	MG03	28,000	926,14	1	25.931,92
4500000956	00010		000000000000100018	Toner cartridge	MG05	24,000	393,94	1	9.454,56
4500000957	00010		000000000000100008	Guard shift	MG06	29,000	465,88	1	13.510,52
4500000958	00010		000000000000100016	Rebar ton	MG01	9,000	2.839,35	1	25.554,15
4500000959	00010		000000000000100016	Rebar ton	MG01	5,000	3.004,08	1	15.020,40
4500000960	00010		000000000000100003	Access card batch	MG06	15,000	1.720,11	1	25.801,65
4500000961	00010		000000000000100001	A4 paper box	MG05	101,000	92,40	1	9.332,40
4500000962	00010		000000000000100008	Guard shift	MG06	9,000	476,98	1	4.292,82
4500000963	00010		000000000000100013	Office chair	MG05	32,000	757,45	1	24.238,40
4500000964	00010		000000000000100016	Rebar ton	MG01	1,000	3.021,91	1	3.021,91
4500000965	00010		000000000000100012	Network switch	MG04	9,000	3.670,83	1	33.037,47
4500000966	00010		000000000000100015	Ready-mix m3	MG01	59,000	248,79	1	14.678,61
4500000967	00010		000000000000100012	Network switch	MG04	9,000	3.897,71	1	35.079,39
4500000968	00010		000000000000100014	Pest control visit	MG03	10,000	600,03	1	6.000,30
4500000969	00010		000000000000100008	Guard shift	MG06	62,000	468,50	1	29.047,00
4500000970	00010		000000000000100007	Event catering per head	MG02	78,000	149,87	1	11.689,86
4500000971	00010		000000000000100013	Office chair	MG05	18,000	833,20	1	14.997,60
4500000972	00010		000000000000100001	A4 paper box	MG05	101,000	92,41	1	9.333,41
4500000973	00010		000000000000100008	Guard shift	MG06	32,000	470,78	1	15.064,96
4500000974	00010		000000000000100012	Network switch	MG04	5,000	3.705,56	1	18.527,80
4500000975	00010		000000000000100019	Water carton	MG02	1.647,000	1.302,00	100	21.443,94
4500000976	00010		000000000000100012	Network switch	MG04	1,000	4.090,65	1	4.090,65
4500000977	00010		000000000000100016	Rebar ton	MG01	7,000	2.695,19	1	18.866,33
4500000978	00010		000000000000100006	Cleaning visit	MG03	18,000	1.398,59	1	25.174,62
4500000979	00010		000000000000100017	Staff lunch box	MG02	594,000	2.965,00	100	17.612,10
4500000980	00010		000000000000100010	Monitor 27in	MG04	13,000	1.108,70	1	14.413,10
4500000981	00010		000000000000100012	Network switch	MG04	3,000	3.808,12	1	11.424,36
4500000982	00010		000000000000100010	Monitor 27in	MG04	25,000	1.210,36	1	30.259,00
4500000983	00010		000000000000100019	Water carton	MG02	2.066,000	1.502,00	100	31.031,32
4500000984	00010		000000000000100006	Cleaning visit	MG03	8,000	1.339,35	1	10.714,80
4500000985	00010		000000000000100018	Toner cartridge	MG05	71,000	438,11	1	31.105,81
4500000986	00010		000000000000100012	Network switch	MG04	1,000	4.201,25	1	4.201,25
4500000987	00010		000000000000100003	Access card batch	MG06	4,000	1.657,73	1	6.630,92
4500000988	00010		000000000000100010	Monitor 27in	MG04	11,000	1.149,70	1	12.646,70
4500000989	00010		000000000000100008	Guard shift	MG06	8,000	467,09	1	3.736,72
4500000990	00010		000000000000100009	Laptop	MG04	7,000	4.264,92	1	29.854,44
4500000991	00010		000000000000100015	Ready-mix m3	MG01	68,000	284,88	1	19.371,84
4500000992	00010		000000000000100018	Toner cartridge	MG05	93,000	445,24	1	41.407,32
4500000993	00010		000000000000100007	Event catering per head	MG02	154,000	136,06	1	20.953,24
4500000994	00010		000000000000100013	Office chair	MG05	44,000	824,66	1	36.285,04
4500000995	00010		000000000000100012	Network switch	MG04	2,000	3.941,80	1	7.883,60
4500000996	00010		000000000000100010	Monitor 27in	MG04	17,000	1.136,12	1	19.314,04
4500000997	00010		000000000000100004	CCTV maintenance	MG06	12,000	2.315,75	1	27.789,00
4500000998	00010		000000000000100006	Cleaning visit	MG03	22,000	1.245,56	1	27.402,32
4500000999	00010		000000000000100019	Water carton	MG02	579,000	1.463,00	100	8.470,77
4500001000	00010		000000000000100015	Ready-mix m3	MG01	47,000	247,89	1	11.650,83
4500001001	00010		000000000000100007	Event catering per head	MG02	146,000	152,79	1	22.307,34
4500001002	00010		000000000000100007	Event catering per head	MG02	229,000	138,59	1	31.737,11
4500001003	00010		000000000000100013	Office chair	MG05	12,000	727,14	1	8.725,68
4500001004	00010		000000000000100003	Access card batch	MG06	10,000	1.763,84	1	17.638,40
4500001005	00010		000000000000100012	Network switch	MG04	4,000	4.063,62	1	16.254,48
4500001006	00010		000000000000100010	Monitor 27in	MG04	22,000	1.224,37	1	26.936,14
4500001007	00010		000000000000100001	A4 paper box	MG05	295,000	92,52	1	27.293,40
4500001008	00010		000000000000100001	A4 paper box	MG05	206,000	94,85	1	19.539,10
4500001009	00010		000000000000100008	Guard shift	MG06	75,000	514,31	1	38.573,25
4500001010	00010		000000000000100008	Guard shift	MG06	41,000	466,87	1	19.141,67
4500001011	00010		000000000000100016	Rebar ton	MG01	6,000	2.927,64	1	17.565,84
4500001012	00010		000000000000100015	Ready-mix m3	MG01	100,000	275,09	1	27.509,00
4500001013	00010		000000000000100010	Monitor 27in	MG04	1,000	1.065,73	1	1.065,73
4500001014	00010		000000000000100002	AC maintenance visit	MG03	19,000	882,45	1	16.766,55
4500001015	00010		000000000000100018	Toner cartridge	MG05	13,000	443,58	1	5.766,54
4500001016	00010		000000000000100005	Cement bag 50kg	MG01	279,000	1.802,00	100	5.027,58
4500001017	00010		000000000000100017	Staff lunch box	MG02	418,000	3.273,00	100	13.681,14
4500001018	00010		000000000000100015	Ready-mix m3	MG01	62,000	264,80	1	16.417,60
4500001019	00010		000000000000100008	Guard shift	MG06	53,000	456,35	1	24.186,55
4500001020	00010		000000000000100015	Ready-mix m3	MG01	112,000	249,52	1	27.946,24
4500001021	00010		000000000000100008	Guard shift	MG06	52,000	478,27	1	24.870,04
4500001022	00010		000000000000100017	Staff lunch box	MG02	129,000	3.412,00	100	4.401,48
4500001023	00010		000000000000100002	AC maintenance visit	MG03	23,000	903,15	1	20.772,45
4500001024	00010		000000000000100003	Access card batch	MG06	7,000	1.705,77	1	11.940,39
4500001025	00010		000000000000100009	Laptop	MG04	1,000	4.372,32	1	4.372,32
4500001026	00010		000000000000100019	Water carton	MG02	730,000	1.320,00	100	9.636,00
4500001027	00010		000000000000100008	Guard shift	MG06	74,000	457,71	1	33.870,54
4500001028	00010		000000000000100010	Monitor 27in	MG04	19,000	1.114,28	1	21.171,32
4500001029	00010		000000000000100016	Rebar ton	MG01	10,000	2.627,35	1	26.273,50
4500001030	00010		000000000000100018	Toner cartridge	MG05	88,000	452,66	1	39.834,08
4500001031	00010		000000000000100007	Event catering per head	MG02	86,000	145,95	1	12.551,70
4500001032	00010		000000000000100018	Toner cartridge	MG05	12,000	386,76	1	4.641,12
4500001033	00010		000000000000100014	Pest control visit	MG03	32,000	695,99	1	22.271,68
4500001034	00010		000000000000100017	Staff lunch box	MG02	592,000	3.302,00	100	19.547,84
4500001035	00010		000000000000100016	Rebar ton	MG01	2,000	2.945,55	1	5.891,10
4500001036	00010		000000000000100010	Monitor 27in	MG04	6,000	1.103,74	1	6.622,44
4500001037	00010		000000000000100001	A4 paper box	MG05	136,000	94,17	1	12.807,12
4500001038	00010		000000000000100001	A4 paper box	MG05	42,000	100,34	1	4.214,28
4500001039	00010		000000000000100007	Event catering per head	MG02	246,000	140,06	1	34.454,76
4500001040	00010		000000000000100015	Ready-mix m3	MG01	43,000	266,19	1	11.446,17
4500001041	00010		000000000000100013	Office chair	MG05	37,000	745,07	1	27.567,59
4500001042	00010		000000000000100007	Event catering per head	MG02	195,000	142,16	1	27.721,20
4500001043	00010		000000000000100005	Cement bag 50kg	MG01	477,000	1.857,00	100	8.857,89
4500001044	00010		000000000000100009	Laptop	MG04	1,000	4.639,59	1	4.639,59
4500001045	00010		000000000000100016	Rebar ton	MG01	6,000	2.854,39	1	17.126,34
4500001046	00010		000000000000100009	Laptop	MG04	5,000	4.346,34	1	21.731,70
4500001047	00010		000000000000100008	Guard shift	MG06	32,000	480,10	1	15.363,20
4500001048	00010		000000000000100009	Laptop	MG04	1,000	4.409,89	1	4.409,89
4500001049	00010		000000000000100019	Water carton	MG02	160,000	1.373,00	100	2.196,80
4500001050	00010		000000000000100019	Water carton	MG02	1.942,000	1.319,00	100	25.614,98
4500001051	00010		000000000000100004	CCTV maintenance	MG06	14,000	2.193,79	1	30.713,06
4500001052	00010		000000000000100008	Guard shift	MG06	58,000	504,28	1	29.248,24
4500001053	00010		000000000000100002	AC maintenance visit	MG03	40,000	870,36	1	34.814,40
4500001054	00010		000000000000100016	Rebar ton	MG01	10,000	2.921,66	1	29.216,60
4500001055	00010		000000000000100012	Network switch	MG04	1,000	3.857,63	1	3.857,63
4500001056	00010		000000000000100008	Guard shift	MG06	48,000	482,82	1	23.175,36
4500001057	00010		000000000000100007	Event catering per head	MG02	141,000	137,06	1	19.325,46
4500001058	00010		000000000000100006	Cleaning visit	MG03	13,000	1.375,24	1	17.878,12
4500001059	00010		000000000000100015	Ready-mix m3	MG01	62,000	256,03	1	15.873,86
4500001060	00010		000000000000100012	Network switch	MG04	4,000	3.784,96	1	15.139,84
4500001061	00010		000000000000100013	Office chair	MG05	37,000	798,90	1	29.559,30
4500001062	00010		000000000000100002	AC maintenance visit	MG03	4,000	923,20	1	3.692,80
4500001063	00010		000000000000100004	CCTV maintenance	MG06	9,000	2.160,03	1	19.440,27
4500001064	00010		000000000000100015	Ready-mix m3	MG01	112,000	251,64	1	28.183,68
4500001065	00010		000000000000100005	Cement bag 50kg	MG01	728,000	1.772,00	100	12.900,16
4500001066	00010		000000000000100005	Cement bag 50kg	MG01	1.066,000	1.898,00	100	20.232,68
4500001067	00010		000000000000100013	Office chair	MG05	21,000	789,63	1	16.582,23
4500001068	00010		000000000000100015	Ready-mix m3	MG01	109,000	286,18	1	31.193,62
4500001069	00010		000000000000100005	Cement bag 50kg	MG01	161,000	1.981,00	100	3.189,41
4500001070	00010		000000000000100013	Office chair	MG05	9,000	795,82	1	7.162,38
4500001071	00010		000000000000100017	Staff lunch box	MG02	397,000	3.335,00	100	13.239,95
4500001072	00010		000000000000100017	Staff lunch box	MG02	409,000	3.219,00	100	13.165,71
4500001073	00010		000000000000100004	CCTV maintenance	MG06	5,000	2.170,76	1	10.853,80
4500001074	00010		000000000000100001	A4 paper box	MG05	376,000	88,71	1	33.354,96
4500001075	00010		000000000000100017	Staff lunch box	MG02	349,000	3.419,00	100	11.932,31
4500001076	00010		000000000000100018	Toner cartridge	MG05	11,000	448,53	1	4.933,83
4500001077	00010		000000000000100016	Rebar ton	MG01	13,000	2.805,80	1	36.475,40
4500001078	00010		000000000000100018	Toner cartridge	MG05	66,000	411,86	1	27.182,76
4500001079	00010		000000000000100002	AC maintenance visit	MG03	20,000	872,60	1	17.452,00
4500001080	00010		000000000000100007	Event catering per head	MG02	224,000	147,85	1	33.118,40
4500001081	00010		000000000000100008	Guard shift	MG06	3,000	442,17	1	1.326,51
4500001082	00010		000000000000100005	Cement bag 50kg	MG01	1.718,000	1.793,00	100	30.803,74
4500001083	00010		000000000000100008	Guard shift	MG06	48,000	480,84	1	23.080,32
4500001084	00010		000000000000100017	Staff lunch box	MG02	495,000	3.403,00	100	16.844,85
4500001085	00010		000000000000100017	Staff lunch box	MG02	1.225,000	3.282,00	100	40.204,50
4500001086	00010		000000000000100014	Pest control visit	MG03	18,000	644,30	1	11.597,40
4500001087	00010		000000000000100017	Staff lunch box	MG02	1.084,000	3.354,00	100	36.357,36
4500001088	00010		000000000000100012	Network switch	MG04	4,000	3.972,69	1	15.890,76
4500001089	00010		000000000000100008	Guard shift	MG06	60,000	442,21	1	26.532,60
4500001090	00010		000000000000100015	Ready-mix m3	MG01	24,000	285,65	1	6.855,60
4500001091	00010		000000000000100012	Network switch	MG04	6,000	3.610,67	1	21.664,02
4500001092	00010		000000000000100005	Cement bag 50kg	MG01	735,000	1.750,00	100	12.862,50
4500001093	00010		000000000000100016	Rebar ton	MG01	4,000	3.055,64	1	12.222,56
4500001094	00010		000000000000100003	Access card batch	MG06	10,000	1.673,56	1	16.735,60
4500001095	00010		000000000000100002	AC maintenance visit	MG03	25,000	846,98	1	21.174,50
4500001096	00010		000000000000100006	Cleaning visit	MG03	4,000	1.327,31	1	5.309,24
4500001097	00010		000000000000100014	Pest control visit	MG03	45,000	631,76	1	28.429,20
4500001098	00010		000000000000100009	Laptop	MG04	5,000	4.403,00	1	22.015,00
4500001099	00010		000000000000100007	Event catering per head	MG02	32,000	142,35	1	4.555,20
4500001100	00010		000000000000100006	Cleaning visit	MG03	22,000	1.400,09	1	30.801,98
4500001101	00010		000000000000100001	A4 paper box	MG05	463,000	100,62	1	46.587,06
4500001102	00010		000000000000100001	A4 paper box	MG05	491,000	97,91	1	48.073,81
4500001103	00010		000000000000100001	A4 paper box	MG05	513,000	88,90	1	45.605,70
4500001104	00010		000000000000100005	Cement bag 50kg	MG01	482,000	1.835,00	100	8.844,70
4500001105	00010		000000000000100005	Cement bag 50kg	MG01	444,000	2.043,00	100	9.070,92
4500001106	00010		000000000000100005	Cement bag 50kg	MG01	458,000	1.987,00	100	9.100,46
4500001107	00010		000000000000100009	Laptop	MG04	1,000	4.925,78	1	4.925,78
4500001108	00010		000000000000100006	Cleaning visit	MG03	23,000	1.442,28	1	33.172,44
4500001109	00010		000000000000100007	Event catering per head	MG02	233,000	342,19	1	79.730,27
4500001110	00010		000000000000100007	Event catering per head	MG02	22,000	265,19	1	5.834,18
4500001111	00010		000000000000100019	Water carton	MG02	2.676,000	2.495,00	100	66.766,20
4500001112	00010		000000000000100007	Event catering per head	MG02	216,000	288,67	1	62.352,72
4500001113	00010		000000000000100005	Cement bag 50kg	MG01	84,000	3.231,00	100	2.714,04
4500001114	00010		000000000000100019	Water carton	MG02	1.500,000	3.093,00	100	46.395,00
4500001115	00010		000000000000100008	Guard shift	MG06	78,000	515,19	1	40.184,82
4500001116	00010		000000000000100006	Cleaning visit	MG03	5,000	1.245,75	1	6.228,75
4500001117	00010		000000000000100008	Guard shift	MG06	81,000	479,25	1	38.819,25
4500001118	00010		000000000000100006	Cleaning visit	MG03	29,000	1.287,85	1	37.347,65
4500001119	00010		000000000000100006	Cleaning visit	MG03	4,000	1.255,22	1	5.020,88
4500001120	00010		000000000000100011	Monthly maintenance contract	MG03	1,000	25.000,00	1	25.000,00
4500001121	00010		000000000000100011	Monthly maintenance contract	MG03	1,000	20.000,00	1	20.000,00
4500001122	00010		000000000000100011	Monthly maintenance contract	MG03	1,000	15.000,00	1	15.000,00
4500001123	00010		000000000000100011	Monthly maintenance contract	MG03	1,000	30.000,00	1	30.000,00
4500001124	00010		000000000000100011	Monthly maintenance contract	MG03	1,000	30.000,00	1	30.000,00
