LIFNR	BANKS	BANKL	BANKN
0000100001	SA	30	922328385642
0000100002	SA	83	120617695851
0000100003	SA	34	005279137298
0000100004	SA	42	260791135716
0000100005	SA	96	803346352136
0000100006	SA	98	732840934269
0000100007	SA	40	388498556830
0000100008	SA	96	796726835081
0000100009	SA	58	115276113875
0000100010	SA	77	761770775106
0000100011	SA	36	944613516199
0000100012	SA	98	948746439725
0000100013	SA	03	669796156795
0000100014	SA	47	048801564644
0000100015	SA	05	890421631111
0000100016	SA	46	424829601796
0000100017	SA	12	235240137615
0000100018	SA	83	818137852223
0000100019	SA	75	929480853470
0000100020	SA	41	420146133800
0000100021	SA	78	597760553848
0000100022	SA	70	151413633437
0000100023	SA	26	646686316653
0000100024	SA	53	172334967704
0000100025	SA	16	141082359534
0000100026	SA	47	446026195680
0000100027	SA	20	703927330570
0000100028	SA	81	351102038300
0000100029	SA	26	552930126708
0000100030	SA	57	981337027186
0000100031	SA	99	554850663516
0000100032	SA	34	264366282909
0000100033	SA	20	709506018898
0000100034	SA	80	695637827608
0000100035	SA	21	002238696953
0000100036	SA	50	637171124335
0000100037	SA	86	161030225021
0000100038	SA	82	190823861352
0000100039	SA	37	054246854242
0000100040	SA	74	713936055049
0000100041	SA	10	547517799229
0000100042	SA	72	660756896516
0000100043	SA	03	876953971100
0000100044	SA	02	169298442782
0000100045	SA	31	323167779214
0000100046	SA	96	990332126686
0000100047	SA	31	029529207425
0000100048	SA	17	064501145946
0000100049	SA	00	810133156040
0000100050	SA	96	544461515753
0000100051	SA	90	049953142373
0000100052	SA	16	448059498065
0000100053	SA	84	405613575069
0000100054	SA	14	430747776388
0000100055	SA	15	337707514732
0000100056	SA	93	505355053414
