BELNR	GJAHR	BUZEI	EBELN	EBELP	WRBTR
5105600000	2026	000001	4500000001	00010	4.307,95
5105600001	2026	000001	4500000002	00010	27.039,10
5105600002	2026	000001	4500000003	00010	32.127,76
5105600003	2026	000001	4500000004	00010	5.643,70
5105600004	2026	000001	4500000005	00010	34.742,40
5105600005	2026	000001	4500000006	00010	6.280,04
5105600006	2026	000001	4500000007	00010	23.443,68
5105600007	2026	000001	4500000008	00010	17.073,36
5105600008	2026	000001	4500000009	00010	29.448,00
5105600009	2026	000001	4500000010	00010	15.391,08
5105600010	2026	000001	4500000011	00010	11.969,55
5105600011	2026	000001	4500000012	00010	28.252,38
5105600012	2026	000001	4500000013	00010	13.609,56
5105600013	2026	000001	4500000014	00010	20.234,55
5105600014	2026	000001	4500000015	00010	9.233,00
5105600015	2026	000001	4500000016	00010	20.158,16
5105600016	2026	000001	4500000017	00010	36.822,34
5105600017	2026	000001	4500000018	00010	32.038,08
5105600018	2026	000001	4500000019	00010	22.545,76
5105600019	2026	000001	4500000020	00010	14.696,40
5105600020	2026	000001	4500000021	00010	26.988,28
5105600021	2026	000001	4500000022	00010	16.348,75
5105600022	2026	000001	4500000023	00010	16.611,48
5105600023	2026	000001	4500000024	00010	27.716,64
5105600024	2026	000001	4500000025	00010	18.367,26
5105600025	2026	000001	4500000026	00010	4.920,43
5105600026	2026	000001	4500000027	00010	30.033,15
5105600027	2026	000001	4500000028	00010	16.452,15
5105600028	2026	000001	4500000029	00010	3.539,01
5105600029	2026	000001	4500000030	00010	27.650,95
5105600030	2026	000001	4500000031	00010	6.948,87
5105600031	2026	000001	4500000032	00010	34.614,88
5105600032	2026	000001	4500000033	00010	30.276,09
5105600033	2026	000001	4500000034	00010	21.838,88
5105600034	2026	000001	4500000035	00010	38.909,00
5105600035	2026	000001	4500000036	00010	7.040,07
5105600036	2026	000001	4500000037	00010	22.617,70
5105600037	2026	000001	4500000038	00010	4.852,82
5105600038	2026	000001	4500000039	00010	19.614,84
5105600039	2026	000001	4500000040	00010	22.924,40
5105600040	2026	000001	4500000041	00010	22.746,40
5105600041	2026	000001	4500000042	00010	38.630,34
5105600042	2026	000001	4500000043	00010	11.847,52
5105600043	2026	000001	4500000044	00010	31.887,58
5105600044	2026	000001	4500000045	00010	19.020,45
5105600045	2026	000001	4500000046	00010	14.289,10
5105600046	2026	000001	4500000047	00010	12.760,02
5105600047	2026	000001	4500000048	00010	37.311,34
5105600048	2026	000001	4500000049	00010	6.554,59
5105600049	2026	000001	4500000050	00010	9.342,64
5105600050	2026	000001	4500000051	00010	9.046,08
5105600051	2026	000001	4500000052	00010	28.782,60
5105600052	2026	000001	4500000053	00010	1.897,07
5105600053	2026	000001	4500000054	00010	37.263,52
5105600054	2026	000001	4500000055	00010	16.659,86
5105600055	2026	000001	4500000056	00010	3.167,08
5105600056	2026	000001	4500000057	00010	26.146,98
5105600057	2026	000001	4500000058	00010	8.222,06
5105600058	2026	000001	4500000059	00010	23.677,84
5105600059	2026	000001	4500000060	00010	27.461,55
5105600060	2026	000001	4500000061	00010	17.772,24
5105600061	2026	000001	4500000062	00010	34.553,76
5105600062	2026	000001	4500000063	00010	13.374,06
5105600063	2026	000001	4500000064	00010	26.455,17
5105600064	2026	000001	4500000065	00010	4.928,17
5105600065	2026	000001	4500000066	00010	32.749,86
5105600066	2026	000001	4500000067	00010	10.665,60
5105600067	2026	000001	4500000068	00010	6.992,85
5105600068	2026	000001	4500000069	00010	16.764,00
5105600069	2026	000001	4500000070	00010	23.300,25
5105600070	2026	000001	4500000071	00010	33.702,82
5105600071	2026	000001	4500000072	00010	35.030,94
5105600072	2026	000001	4500000073	00010	3.673,22
5105600073	2026	000001	4500000074	00010	22.629,48
5105600074	2026	000001	4500000075	00010	30.775,00
5105600075	2026	000001	4500000076	00010	24.779,02
5105600076	2026	000001	4500000077	00010	3.651,55
5105600077	2026	000001	4500000078	00010	12.932,10
5105600078	2026	000001	4500000079	00010	37.233,65
5105600079	2026	000001	4500000080	00010	21.420,04
5105600080	2026	000001	4500000081	00010	23.912,44
5105600081	2026	000001	4500000082	00010	24.518,94
5105600082	2026	000001	4500000083	00010	10.363,44
5105600083	2026	000001	4500000084	00010	17.197,32
5105600084	2026	000001	4500000085	00010	22.115,52
5105600085	2026	000001	4500000086	00010	4.742,13
5105600086	2026	000001	4500000087	00010	30.226,00
5105600087	2026	000001	4500000088	00010	18.157,12
5105600088	2026	000001	4500000089	00010	4.687,07
5105600089	2026	000001	4500000090	00010	4.696,55
5105600090	2026	000001	4500000091	00010	31.603,38
5105600091	2026	000001	4500000092	00010	15.404,55
5105600092	2026	000001	4500000093	00010	30.350,46
5105600093	2026	000001	4500000094	00010	35.179,97
5105600094	2026	000001	4500000095	00010	37.468,20
5105600095	2026	000001	4500000096	00010	15.784,92
5105600096	2026	000001	4500000097	00010	33.375,84
5105600097	2026	000001	4500000098	00010	13.322,32
5105600098	2026	000001	4500000099	00010	29.909,04
5105600099	2026	000001	4500000100	00010	35.942,68
5105600100	2026	000001	4500000101	00010	6.109,81
5105600101	2026	000001	4500000102	00010	32.136,00
5105600102	2026	000001	4500000103	00010	33.710,64
5105600103	2026	000001	4500000104	00010	2.973,96
5105600104	2026	000001	4500000105	00010	32.078,31
5105600105	2026	000001	4500000106	00010	24.386,65
5105600106	2026	000001	4500000107	00010	33.833,63
5105600107	2026	000001	4500000108	00010	35.017,94
5105600108	2026	000001	4500000109	00010	36.557,64
5105600109	2026	000001	4500000110	00010	24.397,20
5105600110	2026	000001	4500000111	00010	12.739,02
5105600111	2026	000001	4500000112	00010	21.021,50
5105600112	2026	000001	4500000113	00010	5.912,55
5105600113	2026	000001	4500000114	00010	27.322,24
5105600114	2026	000001	4500000115	00010	5.638,60
5105600115	2026	000001	4500000116	00010	34.804,35
5105600116	2026	000001	4500000117	00010	18.704,64
5105600117	2026	000001	4500000118	00010	18.155,80
5105600118	2026	000001	4500000119	00010	8.688,74
5105600119	2026	000001	4500000120	00010	1.228,32
5105600120	2026	000001	4500000121	00010	5.757,19
5105600121	2026	000001	4500000122	00010	15.344,40
5105600122	2026	000001	4500000123	00010	4.586,22
5105600123	2026	000001	4500000124	00010	25.257,68
5105600124	2026	000001	4500000125	00010	33.539,70
5105600125	2026	000001	4500000126	00010	3.653,95
5105600126	2026	000001	4500000127	00010	24.920,28
5105600127	2026	000001	4500000128	00010	25.978,05
5105600128	2026	000001	4500000129	00010	2.672,76
5105600129	2026	000001	4500000130	00010	8.273,70
5105600130	2026	000001	4500000131	00010	28.729,96
5105600131	2026	000001	4500000132	00010	27.522,04
5105600132	2026	000001	4500000133	00010	39.954,18
5105600133	2026	000001	4500000134	00010	22.031,08
5105600134	2026	000001	4500000135	00010	5.087,79
5105600135	2026	000001	4500000136	00010	24.378,90
5105600136	2026	000001	4500000137	00010	15.912,06
5105600137	2026	000001	4500000138	00010	19.263,08
5105600138	2026	000001	4500000139	00010	33.410,52
5105600139	2026	000001	4500000140	00010	3.703,84
5105600140	2026	000001	4500000141	00010	24.661,62
5105600141	2026	000001	4500000142	00010	35.291,55
5105600142	2026	000001	4500000143	00010	9.768,15
5105600143	2026	000001	4500000144	00010	28.430,88
5105600144	2026	000001	4500000145	00010	28.305,42
5105600145	2026	000001	4500000146	00010	19.565,86
5105600146	2026	000001	4500000147	00010	9.474,45
5105600147	2026	000001	4500000148	00010	3.160,08
5105600148	2026	000001	4500000149	00010	22.003,92
5105600149	2026	000001	4500000150	00010	13.677,36
5105600150	2026	000001	4500000151	00010	22.709,06
5105600151	2026	000001	4500000152	00010	18.799,13
5105600152	2026	000001	4500000153	00010	23.379,20
5105600153	2026	000001	4500000154	00010	4.306,15
5105600154	2026	000001	4500000155	00010	37.355,68
5105600155	2026	000001	4500000156	00010	10.899,70
5105600156	2026	000001	4500000157	00010	1.584,74
5105600157	2026	000001	4500000158	00010	3.803,13
5105600158	2026	000001	4500000159	00010	31.806,00
5105600159	2026	000001	4500000160	00010	4.511,68
5105600160	2026	000001	4500000161	00010	5.536,32
5105600161	2026	000001	4500000162	00010	12.318,00
5105600162	2026	000001	4500000163	00010	20.749,50
5105600163	2026	000001	4500000164	00010	4.381,23
5105600164	2026	000001	4500000165	00010	31.640,55
5105600165	2026	000001	4500000166	00010	35.955,92
5105600166	2026	000001	4500000167	00010	32.927,40
5105600167	2026	000001	4500000168	00010	31.920,64
5105600168	2026	000001	4500000169	00010	28.553,76
5105600169	2026	000001	4500000170	00010	37.560,60
5105600170	2026	000001	4500000171	00010	21.907,80
5105600171	2026	000001	4500000172	00010	36.516,80
5105600172	2026	000001	4500000173	00010	20.339,00
5105600173	2026	000001	4500000174	00010	20.363,40
5105600174	2026	000001	4500000175	00010	22.577,94
5105600175	2026	000001	4500000176	00010	18.102,63
5105600176	2026	000001	4500000177	00010	37.629,54
5105600177	2026	000001	4500000178	00010	30.940,84
5105600178	2026	000001	4500000179	00010	32.096,70
5105600179	2026	000001	4500000180	00010	24.283,46
5105600180	2026	000001	4500000181	00010	6.677,70
5105600181	2026	000001	4500000182	00010	19.864,70
5105600182	2026	000001	4500000183	00010	9.097,02
5105600183	2026	000001	4500000184	00010	27.078,70
5105600184	2026	000001	4500000185	00010	3.373,56
5105600185	2026	000001	4500000186	00010	18.159,24
5105600186	2026	000001	4500000187	00010	21.159,90
5105600187	2026	000001	4500000188	00010	39.766,40
5105600188	2026	000001	4500000189	00010	30.509,50
5105600189	2026	000001	4500000190	00010	12.740,70
5105600190	2026	000001	4500000191	00010	25.947,68
5105600191	2026	000001	4500000192	00010	12.340,08
5105600192	2026	000001	4500000193	00010	22.539,96
5105600193	2026	000001	4500000194	00010	29.333,15
5105600194	2026	000001	4500000195	00010	27.160,65
5105600195	2026	000001	4500000196	00010	33.152,56
5105600196	2026	000001	4500000197	00010	23.531,70
5105600197	2026	000001	4500000198	00010	27.452,48
5105600198	2026	000001	4500000199	00010	8.563,80
5105600199	2026	000001	4500000200	00010	25.996,76
5105600200	2026	000001	4500000201	00010	29.093,79
5105600201	2026	000001	4500000202	00010	33.564,00
5105600202	2026	000001	4500000203	00010	5.959,16
5105600203	2026	000001	4500000204	00010	27.111,48
5105600204	2026	000001	4500000205	00010	24.908,40
5105600205	2026	000001	4500000206	00010	14.200,35
5105600206	2026	000001	4500000207	00010	36.045,00
5105600207	2026	000001	4500000208	00010	11.768,64
5105600208	2026	000001	4500000209	00010	29.274,66
5105600209	2026	000001	4500000210	00010	4.614,75
5105600210	2026	000001	4500000211	00010	15.623,99
5105600211	2026	000001	4500000212	00010	9.697,14
5105600212	2026	000001	4500000213	00010	31.723,80
5105600213	2026	000001	4500000214	00010	35.185,54
5105600214	2026	000001	4500000215	00010	37.360,32
5105600215	2026	000001	4500000216	00010	19.066,30
5105600216	2026	000001	4500000217	00010	2.063,35
5105600217	2026	000001	4500000218	00010	5.920,42
5105600218	2026	000001	4500000219	00010	37.483,30
5105600219	2026	000001	4500000220	00010	19.667,75
5105600220	2026	000001	4500000221	00010	9.288,40
5105600221	2026	000001	4500000222	00010	26.726,34
5105600222	2026	000001	4500000223	00010	37.291,36
5105600223	2026	000001	4500000224	00010	13.374,33
5105600224	2026	000001	4500000225	00010	29.530,80
5105600225	2026	000001	4500000226	00010	18.024,70
5105600226	2026	000001	4500000227	00010	40.698,44
5105600227	2026	000001	4500000228	00010	22.563,69
5105600228	2026	000001	4500000229	00010	26.661,00
5105600229	2026	000001	4500000230	00010	29.060,72
5105600230	2026	000001	4500000231	00010	5.850,20
5105600231	2026	000001	4500000232	00010	41.480,04
5105600232	2026	000001	4500000233	00010	4.274,37
5105600233	2026	000001	4500000234	00010	8.157,24
5105600234	2026	000001	4500000235	00010	3.003,66
5105600235	2026	000001	4500000236	00010	14.074,86
5105600236	2026	000001	4500000237	00010	25.849,68
5105600237	2026	000001	4500000238	00010	10.536,57
5105600238	2026	000001	4500000239	00010	2.138,00
5105600239	2026	000001	4500000240	00010	23.039,44
5105600240	2026	000001	4500000241	00010	28.487,04
5105600241	2026	000001	4500000242	00010	38.244,00
5105600242	2026	000001	4500000243	00010	25.589,88
5105600243	2026	000001	4500000244	00010	24.629,89
5105600244	2026	000001	4500000245	00010	34.703,96
5105600245	2026	000001	4500000246	00010	9.343,08
5105600246	2026	000001	4500000247	00010	30.426,06
5105600247	2026	000001	4500000248	00010	2.792,88
5105600248	2026	000001	4500000249	00010	28.360,80
5105600249	2026	000001	4500000250	00010	15.170,75
5105600250	2026	000001	4500000251	00010	30.723,00
5105600251	2026	000001	4500000252	00010	10.399,52
5105600252	2026	000001	4500000253	00010	38.383,74
5105600253	2026	000001	4500000254	00010	13.734,15
5105600254	2026	000001	4500000255	00010	32.641,44
5105600255	2026	000001	4500000256	00010	29.397,24
5105600256	2026	000001	4500000257	00010	34.347,60
5105600257	2026	000001	4500000258	00010	18.826,88
5105600258	2026	000001	4500000259	00010	11.557,22
5105600259	2026	000001	4500000260	00010	37.932,84
5105600260	2026	000001	4500000261	00010	33.018,12
5105600261	2026	000001	4500000262	00010	31.694,23
5105600262	2026	000001	4500000263	00010	34.058,40
5105600263	2026	000001	4500000264	00010	22.888,91
5105600264	2026	000001	4500000265	00010	11.973,60
5105600265	2026	000001	4500000266	00010	2.763,42
5105600266	2026	000001	4500000267	00010	5.455,94
5105600267	2026	000001	4500000268	00010	21.486,42
5105600268	2026	000001	4500000269	00010	23.723,20
5105600269	2026	000001	4500000270	00010	8.747,76
5105600270	2026	000001	4500000271	00010	32.052,76
5105600271	2026	000001	4500000272	00010	31.369,76
5105600272	2026	000001	4500000273	00010	14.259,07
5105600273	2026	000001	4500000274	00010	30.129,00
5105600274	2026	000001	4500000275	00010	4.755,85
5105600275	2026	000001	4500000276	00010	12.354,30
5105600276	2026	000001	4500000277	00010	30.763,78
5105600277	2026	000001	4500000278	00010	5.793,60
5105600278	2026	000001	4500000279	00010	3.793,73
5105600279	2026	000001	4500000280	00010	7.485,00
5105600280	2026	000001	4500000281	00010	27.312,24
5105600281	2026	000001	4500000282	00010	15.920,71
5105600282	2026	000001	4500000283	00010	31.616,00
5105600283	2026	000001	4500000284	00010	9.375,62
5105600284	2026	000001	4500000285	00010	4.521,77
5105600285	2026	000001	4500000286	00010	32.833,57
5105600286	2026	000001	4500000287	00010	37.613,74
5105600287	2026	000001	4500000288	00010	26.787,23
5105600288	2026	000001	4500000289	00010	17.020,30
5105600289	2026	000001	4500000290	00010	26.475,25
5105600290	2026	000001	4500000291	00010	23.948,60
5105600291	2026	000001	4500000292	00010	16.714,20
5105600292	2026	000001	4500000293	00010	5.260,36
5105600293	2026	000001	4500000294	00010	5.851,89
5105600294	2026	000001	4500000295	00010	6.545,00
5105600295	2026	000001	4500000296	00010	9.016,20
5105600296	2026	000001	4500000297	00010	41.158,25
5105600297	2026	000001	4500000298	00010	19.200,30
5105600298	2026	000001	4500000299	00010	2.083,92
5105600299	2026	000001	4500000300	00010	39.361,28
5105600300	2026	000001	4500000301	00010	36.792,00
5105600301	2026	000001	4500000302	00010	14.146,40
5105600302	2026	000001	4500000303	00010	23.710,50
5105600303	2026	000001	4500000304	00010	11.435,60
5105600304	2026	000001	4500000305	00010	13.713,44
5105600305	2026	000001	4500000306	00010	17.539,08
5105600306	2026	000001	4500000307	00010	9.589,56
5105600307	2026	000001	4500000308	00010	35.108,58
5105600308	2026	000001	4500000309	00010	26.371,62
5105600309	2026	000001	4500000310	00010	18.427,77
5105600310	2026	000001	4500000311	00010	34.658,75
5105600311	2026	000001	4500000312	00010	37.346,04
5105600312	2026	000001	4500000313	00010	3.231,10
5105600313	2026	000001	4500000314	00010	13.004,10
5105600314	2026	000001	4500000315	00010	29.196,64
5105600315	2026	000001	4500000316	00010	23.808,72
5105600316	2026	000001	4500000317	00010	37.255,70
5105600317	2026	000001	4500000318	00010	30.667,45
5105600318	2026	000001	4500000319	00010	24.574,35
5105600319	2026	000001	4500000320	00010	18.443,76
5105600320	2026	000001	4500000321	00010	41.791,36
5105600321	2026	000001	4500000322	00010	5.308,10
5105600322	2026	000001	4500000323	00010	21.133,58
5105600323	2026	000001	4500000324	00010	1.744,57
5105600324	2026	000001	4500000325	00010	11.128,92
5105600325	2026	000001	4500000326	00010	2.734,48
5105600326	2026	000001	4500000327	00010	21.046,96
5105600327	2026	000001	4500000328	00010	33.887,00
5105600328	2026	000001	4500000329	00010	34.646,20
5105600329	2026	000001	4500000330	00010	16.480,92
5105600330	2026	000001	4500000331	00010	34.418,57
5105600331	2026	000001	4500000332	00010	27.424,46
5105600332	2026	000001	4500000333	00010	16.510,91
5105600333	2026	000001	4500000334	00010	18.885,24
5105600334	2026	000001	4500000335	00010	32.248,44
5105600335	2026	000001	4500000336	00010	10.605,30
5105600336	2026	000001	4500000337	00010	36.323,64
5105600337	2026	000001	4500000338	00010	13.620,72
5105600338	2026	000001	4500000339	00010	13.582,08
5105600339	2026	000001	4500000340	00010	36.858,10
5105600340	2026	000001	4500000341	00010	29.601,36
5105600341	2026	000001	4500000342	00010	34.300,91
5105600342	2026	000001	4500000343	00010	37.846,00
5105600343	2026	000001	4500000344	00010	33.956,94
5105600344	2026	000001	4500000345	00010	38.139,20
5105600345	2026	000001	4500000346	00010	26.041,44
5105600346	2026	000001	4500000347	00010	16.454,55
5105600347	2026	000001	4500000348	00010	35.673,31
5105600348	2026	000001	4500000349	00010	15.381,64
5105600349	2026	000001	4500000350	00010	25.409,20
5105600350	2026	000001	4500000351	00010	4.796,34
5105600351	2026	000001	4500000352	00010	10.779,93
5105600352	2026	000001	4500000353	00010	2.848,50
5105600353	2026	000001	4500000354	00010	18.047,15
5105600354	2026	000001	4500000355	00010	16.010,32
5105600355	2026	000001	4500000356	00010	35.257,82
5105600356	2026	000001	4500000357	00010	25.649,54
5105600357	2026	000001	4500000358	00010	1.545,74
5105600358	2026	000001	4500000359	00010	35.728,90
5105600359	2026	000001	4500000360	00010	27.410,34
5105600360	2026	000001	4500000361	00010	19.649,76
5105600361	2026	000001	4500000362	00010	7.574,66
5105600362	2026	000001	4500000363	00010	8.532,92
5105600363	2026	000001	4500000364	00010	7.274,88
5105600364	2026	000001	4500000365	00010	27.505,80
5105600365	2026	000001	4500000366	00010	9.895,77
5105600366	2026	000001	4500000367	00010	30.925,00
5105600367	2026	000001	4500000368	00010	32.993,73
5105600368	2026	000001	4500000369	00010	33.067,92
5105600369	2026	000001	4500000370	00010	5.503,14
5105600370	2026	000001	4500000371	00010	11.985,00
5105600371	2026	000001	4500000372	00010	34.752,90
5105600372	2026	000001	4500000373	00010	16.851,86
5105600373	2026	000001	4500000374	00010	11.913,00
5105600374	2026	000001	4500000375	00010	34.226,40
5105600375	2026	000001	4500000376	00010	29.559,60
5105600376	2026	000001	4500000377	00010	31.498,58
5105600377	2026	000001	4500000378	00010	27.213,36
5105600378	2026	000001	4500000379	00010	19.704,23
5105600379	2026	000001	4500000380	00010	21.885,22
5105600380	2026	000001	4500000381	00010	19.225,60
5105600381	2026	000001	4500000382	00010	8.160,20
5105600382	2026	000001	4500000383	00010	36.678,07
5105600383	2026	000001	4500000384	00010	11.918,34
5105600384	2026	000001	4500000385	00010	7.536,78
5105600385	2026	000001	4500000386	00010	7.402,80
5105600386	2026	000001	4500000387	00010	30.802,50
5105600387	2026	000001	4500000388	00010	9.700,88
5105600388	2026	000001	4500000389	00010	5.483,27
5105600389	2026	000001	4500000390	00010	35.239,17
5105600390	2026	000001	4500000391	00010	6.579,56
5105600391	2026	000001	4500000392	00010	4.954,25
5105600392	2026	000001	4500000393	00010	10.801,88
5105600393	2026	000001	4500000394	00010	14.444,16
5105600394	2026	000001	4500000395	00010	36.950,88
5105600395	2026	000001	4500000396	00010	36.890,62
5105600396	2026	000001	4500000397	00010	22.228,32
5105600397	2026	000001	4500000398	00010	28.102,36
5105600398	2026	000001	4500000399	00010	31.726,62
5105600399	2026	000001	4500000400	00010	36.294,66
5105600400	2026	000001	4500000401	00010	24.357,35
5105600401	2026	000001	4500000402	00010	9.270,34
5105600402	2026	000001	4500000403	00010	34.073,26
5105600403	2026	000001	4500000404	00010	7.012,08
5105600404	2026	000001	4500000405	00010	29.856,32
5105600405	2026	000001	4500000406	00010	8.762,08
5105600406	2026	000001	4500000407	00010	12.423,84
5105600407	2026	000001	4500000408	00010	2.513,52
5105600408	2026	000001	4500000409	00010	22.665,42
5105600409	2026	000001	4500000410	00010	23.930,76
5105600410	2026	000001	4500000411	00010	29.878,64
5105600411	2026	000001	4500000412	00010	12.684,49
5105600412	2026	000001	4500000413	00010	38.881,98
5105600413	2026	000001	4500000414	00010	14.652,00
5105600414	2026	000001	4500000415	00010	17.823,93
5105600415	2026	000001	4500000416	00010	31.546,56
5105600416	2026	000001	4500000417	00010	12.158,85
5105600417	2026	000001	4500000418	00010	32.169,72
5105600418	2026	000001	4500000419	00010	6.902,19
5105600419	2026	000001	4500000420	00010	31.651,20
5105600420	2026	000001	4500000421	00010	23.755,05
5105600421	2026	000001	4500000422	00010	21.071,67
5105600422	2026	000001	4500000423	00010	6.330,10
5105600423	2026	000001	4500000424	00010	26.604,30
5105600424	2026	000001	4500000425	00010	12.400,50
5105600425	2026	000001	4500000426	00010	37.605,95
5105600426	2026	000001	4500000427	00010	12.436,02
5105600427	2026	000001	4500000428	00010	16.007,54
5105600428	2026	000001	4500000429	00010	35.481,60
5105600429	2026	000001	4500000430	00010	5.490,56
5105600430	2026	000001	4500000431	00010	10.652,36
5105600431	2026	000001	4500000432	00010	23.792,11
5105600432	2026	000001	4500000433	00010	7.296,16
5105600433	2026	000001	4500000434	00010	10.489,62
5105600434	2026	000001	4500000435	00010	17.084,01
5105600435	2026	000001	4500000436	00010	18.506,20
5105600436	2026	000001	4500000437	00010	21.576,84
5105600437	2026	000001	4500000438	00010	34.463,40
5105600438	2026	000001	4500000439	00010	10.147,00
5105600439	2026	000001	4500000440	00010	31.636,50
5105600440	2026	000001	4500000441	00010	18.012,80
5105600441	2026	000001	4500000442	00010	3.272,58
5105600442	2026	000001	4500000443	00010	32.226,34
5105600443	2026	000001	4500000444	00010	15.799,35
5105600444	2026	000001	4500000445	00010	17.771,46
5105600445	2026	000001	4500000446	00010	4.928,22
5105600446	2026	000001	4500000447	00010	17.108,60
5105600447	2026	000001	4500000448	00010	25.289,76
5105600448	2026	000001	4500000449	00010	31.843,57
5105600449	2026	000001	4500000450	00010	9.122,88
5105600450	2026	000001	4500000451	00010	19.675,08
5105600451	2026	000001	4500000452	00010	3.440,22
5105600452	2026	000001	4500000453	00010	9.844,32
5105600453	2026	000001	4500000454	00010	34.917,40
5105600454	2026	000001	4500000455	00010	33.291,04
5105600455	2026	000001	4500000456	00010	3.572,01
5105600456	2026	000001	4500000457	00010	34.306,25
5105600457	2026	000001	4500000458	00010	19.297,45
5105600458	2026	000001	4500000459	00010	8.003,77
5105600459	2026	000001	4500000460	00010	29.209,77
5105600460	2026	000001	4500000461	00010	28.380,95
5105600461	2026	000001	4500000462	00010	10.830,27
5105600462	2026	000001	4500000463	00010	9.366,50
5105600463	2026	000001	4500000464	00010	29.509,75
5105600464	2026	000001	4500000465	00010	22.500,35
5105600465	2026	000001	4500000466	00010	32.438,90
5105600466	2026	000001	4500000467	00010	27.426,90
5105600467	2026	000001	4500000468	00010	10.193,04
5105600468	2026	000001	4500000469	00010	34.810,08
5105600469	2026	000001	4500000470	00010	24.014,20
5105600470	2026	000001	4500000471	00010	24.706,22
5105600471	2026	000001	4500000472	00010	30.466,17
5105600472	2026	000001	4500000473	00010	13.960,80
5105600473	2026	000001	4500000474	00010	36.335,00
5105600474	2026	000001	4500000475	00010	26.112,24
5105600475	2026	000001	4500000476	00010	8.293,38
5105600476	2026	000001	4500000477	00010	20.189,00
5105600477	2026	000001	4500000478	00010	4.124,40
5105600478	2026	000001	4500000479	00010	38.883,30
5105600479	2026	000001	4500000480	00010	5.771,97
5105600480	2026	000001	4500000481	00010	14.103,60
5105600481	2026	000001	4500000482	00010	15.992,32
5105600482	2026	000001	4500000483	00010	41.383,44
5105600483	2026	000001	4500000484	00010	25.443,36
5105600484	2026	000001	4500000485	00010	15.744,68
5105600485	2026	000001	4500000486	00010	26.337,20
5105600486	2026	000001	4500000487	00010	4.332,36
5105600487	2026	000001	4500000488	00010	20.891,34
5105600488	2026	000001	4500000489	00010	29.397,73
5105600489	2026	000001	4500000490	00010	2.794,57
5105600490	2026	000001	4500000491	00010	31.138,47
5105600491	2026	000001	4500000492	00010	32.996,60
5105600492	2026	000001	4500000493	00010	25.656,96
5105600493	2026	000001	4500000494	00010	27.520,92
5105600494	2026	000001	4500000495	00010	31.771,46
5105600495	2026	000001	4500000496	00010	21.164,00
5105600496	2026	000001	4500000497	00010	25.075,17
5105600497	2026	000001	4500000498	00010	15.492,75
5105600498	2026	000001	4500000499	00010	5.551,92
5105600499	2026	000001	4500000500	00010	11.555,85
5105600500	2026	000001	4500000501	00010	33.442,89
5105600501	2026	000001	4500000502	00010	33.598,48
5105600502	2026	000001	4500000503	00010	9.410,56
5105600503	2026	000001	4500000504	00010	5.676,51
5105600504	2026	000001	4500000505	00010	5.779,02
5105600505	2026	000001	4500000506	00010	26.660,55
5105600506	2026	000001	4500000507	00010	28.242,00
5105600507	2026	000001	4500000508	00010	35.825,72
5105600508	2026	000001	4500000509	00010	5.639,70
5105600509	2026	000001	4500000510	00010	39.937,00
5105600510	2026	000001	4500000511	00010	17.352,58
5105600511	2026	000001	4500000512	00010	15.215,06
5105600512	2026	000001	4500000513	00010	18.511,02
5105600513	2026	000001	4500000514	00010	15.810,70
5105600514	2026	000001	4500000515	00010	4.294,62
5105600515	2026	000001	4500000516	00010	14.501,55
5105600516	2026	000001	4500000517	00010	20.508,18
5105600517	2026	000001	4500000518	00010	27.198,78
5105600518	2026	000001	4500000519	00010	6.928,74
5105600519	2026	000001	4500000520	00010	3.724,86
5105600520	2026	000001	4500000521	00010	33.704,84
5105600521	2026	000001	4500000522	00010	4.005,54
5105600522	2026	000001	4500000523	00010	29.056,32
5105600523	2026	000001	4500000524	00010	28.028,63
5105600524	2026	000001	4500000525	00010	37.079,90
5105600525	2026	000001	4500000526	00010	29.188,32
5105600526	2026	000001	4500000527	00010	19.068,35
5105600527	2026	000001	4500000528	00010	37.725,38
5105600528	2026	000001	4500000529	00010	37.728,45
5105600529	2026	000001	4500000530	00010	20.752,44
5105600530	2026	000001	4500000531	00010	33.773,40
5105600531	2026	000001	4500000532	00010	3.972,49
5105600532	2026	000001	4500000533	00010	26.123,79
5105600533	2026	000001	4500000534	00010	15.030,70
5105600534	2026	000001	4500000535	00010	3.123,36
5105600535	2026	000001	4500000536	00010	28.591,30
5105600536	2026	000001	4500000537	00010	11.625,84
5105600537	2026	000001	4500000538	00010	4.843,20
5105600538	2026	000001	4500000539	00010	8.228,00
5105600539	2026	000001	4500000540	00010	12.707,28
5105600540	2026	000001	4500000541	00010	14.784,27
5105600541	2026	000001	4500000542	00010	14.070,55
5105600542	2026	000001	4500000543	00010	17.810,80
5105600543	2026	000001	4500000544	00010	15.684,24
5105600544	2026	000001	4500000545	00010	2.353,74
5105600545	2026	000001	4500000546	00010	10.741,94
5105600546	2026	000001	4500000547	00010	3.080,28
5105600547	2026	000001	4500000548	00010	2.867,01
5105600548	2026	000001	4500000549	00010	27.356,77
5105600549	2026	000001	4500000550	00010	14.039,04
5105600550	2026	000001	4500000551	00010	18.398,82
5105600551	2026	000001	4500000552	00010	28.337,25
5105600552	2026	000001	4500000553	00010	21.855,44
5105600553	2026	000001	4500000554	00010	2.683,84
5105600554	2026	000001	4500000555	00010	32.404,32
5105600555	2026	000001	4500000556	00010	31.296,65
5105600556	2026	000001	4500000557	00010	16.657,68
5105600557	2026	000001	4500000558	00010	28.976,61
5105600558	2026	000001	4500000559	00010	33.894,48
5105600559	2026	000001	4500000560	00010	12.301,52
5105600560	2026	000001	4500000561	00010	34.070,23
5105600561	2026	000001	4500000562	00010	3.267,45
5105600562	2026	000001	4500000563	00010	11.934,00
5105600563	2026	000001	4500000564	00010	9.017,02
5105600564	2026	000001	4500000565	00010	29.272,38
5105600565	2026	000001	4500000566	00010	5.705,82
5105600566	2026	000001	4500000567	00010	35.928,56
5105600567	2026	000001	4500000568	00010	14.882,40
5105600568	2026	000001	4500000569	00010	30.619,68
5105600569	2026	000001	4500000570	00010	5.735,04
5105600570	2026	000001	4500000571	00010	20.594,88
5105600571	2026	000001	4500000572	00010	10.464,30
5105600572	2026	000001	4500000573	00010	29.881,04
5105600573	2026	000001	4500000574	00010	18.333,21
5105600574	2026	000001	4500000575	00010	2.794,15
5105600575	2026	000001	4500000576	00010	19.233,43
5105600576	2026	000001	4500000577	00010	35.236,04
5105600577	2026	000001	4500000578	00010	39.639,73
5105600578	2026	000001	4500000579	00010	13.162,90
5105600579	2026	000001	4500000580	00010	2.948,99
5105600580	2026	000001	4500000581	00010	13.278,00
5105600581	2026	000001	4500000582	00010	29.448,72
5105600582	2026	000001	4500000583	00010	27.217,40
5105600583	2026	000001	4500000584	00010	21.736,10
5105600584	2026	000001	4500000585	00010	9.318,32
5105600585	2026	000001	4500000586	00010	23.578,72
5105600586	2026	000001	4500000587	00010	29.882,46
5105600587	2026	000001	4500000588	00010	4.397,67
5105600588	2026	000001	4500000589	00010	34.175,50
5105600589	2026	000001	4500000590	00010	18.463,06
5105600590	2026	000001	4500000591	00010	2.239,14
5105600591	2026	000001	4500000592	00010	15.934,10
5105600592	2026	000001	4500000593	00010	8.588,16
5105600593	2026	000001	4500000594	00010	22.357,98
5105600594	2026	000001	4500000595	00010	24.279,20
5105600595	2026	000001	4500000596	00010	27.734,42
5105600596	2026	000001	4500000597	00010	11.420,64
5105600597	2026	000001	4500000598	00010	32.665,62
5105600598	2026	000001	4500000599	00010	2.708,53
5105600599	2026	000001	4500000600	00010	7.915,20
5105600600	2026	000001	4500000601	00010	39.035,83
5105600601	2026	000001	4500000602	00010	12.750,24
5105600602	2026	000001	4500000603	00010	27.179,25
5105600603	2026	000001	4500000604	00010	27.334,65
5105600604	2026	000001	4500000605	00010	10.183,28
5105600605	2026	000001	4500000606	00010	25.168,64
5105600606	2026	000001	4500000607	00010	20.258,22
5105600607	2026	000001	4500000608	00010	26.368,30
5105600608	2026	000001	4500000609	00010	39.273,35
5105600609	2026	000001	4500000610	00010	24.057,24
5105600610	2026	000001	4500000611	00010	9.634,12
5105600611	2026	000001	4500000612	00010	24.128,06
5105600612	2026	000001	4500000613	00010	34.784,79
5105600613	2026	000001	4500000614	00010	25.357,27
5105600614	2026	000001	4500000615	00010	19.360,00
5105600615	2026	000001	4500000616	00010	20.654,20
5105600616	2026	000001	4500000617	00010	22.185,58
5105600617	2026	000001	4500000618	00010	20.911,20
5105600618	2026	000001	4500000619	00010	4.394,44
5105600619	2026	000001	4500000620	00010	8.221,50
5105600620	2026	000001	4500000621	00010	36.227,75
5105600621	2026	000001	4500000622	00010	24.410,82
5105600622	2026	000001	4500000623	00010	21.743,56
5105600623	2026	000001	4500000624	00010	30.517,55
5105600624	2026	000001	4500000625	00010	23.292,96
5105600625	2026	000001	4500000626	00010	26.858,40
5105600626	2026	000001	4500000627	00010	32.862,36
5105600627	2026	000001	4500000628	00010	10.200,50
5105600628	2026	000001	4500000629	00010	6.517,92
5105600629	2026	000001	4500000630	00010	28.702,35
5105600630	2026	000001	4500000631	00010	25.204,48
5105600631	2026	000001	4500000632	00010	8.400,09
5105600632	2026	000001	4500000633	00010	11.373,92
5105600633	2026	000001	4500000634	00010	37.296,81
5105600634	2026	000001	4500000635	00010	40.282,20
5105600635	2026	000001	4500000636	00010	15.185,50
5105600636	2026	000001	4500000637	00010	7.814,43
5105600637	2026	000001	4500000638	00010	3.945,43
5105600638	2026	000001	4500000639	00010	40.233,38
5105600639	2026	000001	4500000640	00010	26.583,00
5105600640	2026	000001	4500000641	00010	40.354,66
5105600641	2026	000001	4500000642	00010	5.760,56
5105600642	2026	000001	4500000643	00010	2.689,90
5105600643	2026	000001	4500000644	00010	38.998,08
5105600644	2026	000001	4500000645	00010	38.724,24
5105600645	2026	000001	4500000646	00010	18.534,96
5105600646	2026	000001	4500000647	00010	14.859,81
5105600647	2026	000001	4500000648	00010	31.201,92
5105600648	2026	000001	4500000649	00010	9.650,08
5105600649	2026	000001	4500000650	00010	35.137,08
5105600650	2026	000001	4500000651	00010	2.272,78
5105600651	2026	000001	4500000652	00010	2.655,78
5105600652	2026	000001	4500000653	00010	9.799,20
5105600653	2026	000001	4500000654	00010	35.553,46
5105600654	2026	000001	4500000655	00010	33.773,00
5105600655	2026	000001	4500000656	00010	33.295,65
5105600656	2026	000001	4500000657	00010	9.593,73
5105600657	2026	000001	4500000658	00010	38.393,65
5105600658	2026	000001	4500000659	00010	35.615,70
5105600659	2026	000001	4500000660	00010	35.376,15
5105600660	2026	000001	4500000661	00010	29.871,66
5105600661	2026	000001	4500000662	00010	38.183,94
5105600662	2026	000001	4500000663	00010	23.986,77
5105600663	2026	000001	4500000664	00010	8.288,25
5105600664	2026	000001	4500000665	00010	11.390,32
5105600665	2026	000001	4500000666	00010	36.254,16
5105600666	2026	000001	4500000667	00010	39.137,61
5105600667	2026	000001	4500000668	00010	25.464,18
5105600668	2026	000001	4500000669	00010	26.687,54
5105600669	2026	000001	4500000670	00010	25.546,00
5105600670	2026	000001	4500000671	00010	21.301,56
5105600671	2026	000001	4500000672	00010	29.864,35
5105600672	2026	000001	4500000673	00010	16.576,80
5105600673	2026	000001	4500000674	00010	28.740,84
5105600674	2026	000001	4500000675	00010	39.090,60
5105600675	2026	000001	4500000676	00010	19.472,40
5105600676	2026	000001	4500000677	00010	22.620,25
5105600677	2026	000001	4500000678	00010	23.278,71
5105600678	2026	000001	4500000679	00010	19.736,19
5105600679	2026	000001	4500000680	00010	23.161,05
5105600680	2026	000001	4500000681	00010	7.301,96
5105600681	2026	000001	4500000682	00010	8.614,48
5105600682	2026	000001	4500000683	00010	2.191,30
5105600683	2026	000001	4500000684	00010	9.704,94
5105600684	2026	000001	4500000685	00010	36.179,39
5105600685	2026	000001	4500000686	00010	8.665,16
5105600686	2026	000001	4500000687	00010	4.164,18
5105600687	2026	000001	4500000688	00010	20.614,22
5105600688	2026	000001	4500000689	00010	31.768,80
5105600689	2026	000001	4500000690	00010	14.304,15
5105600690	2026	000001	4500000691	00010	22.262,16
5105600691	2026	000001	4500000692	00010	4.269,12
5105600692	2026	000001	4500000693	00010	32.611,40
5105600693	2026	000001	4500000694	00010	4.461,37
5105600694	2026	000001	4500000695	00010	30.226,14
5105600695	2026	000001	4500000696	00010	8.799,05
5105600696	2026	000001	4500000697	00010	35.212,86
5105600697	2026	000001	4500000698	00010	4.683,42
5105600698	2026	000001	4500000699	00010	18.212,04
5105600699	2026	000001	4500000700	00010	4.192,92
5105600700	2026	000001	4500000701	00010	3.508,32
5105600701	2026	000001	4500000702	00010	16.064,72
5105600702	2026	000001	4500000703	00010	19.405,62
5105600703	2026	000001	4500000704	00010	25.819,83
5105600704	2026	000001	4500000705	00010	41.361,34
5105600705	2026	000001	4500000706	00010	35.991,81
5105600706	2026	000001	4500000707	00010	17.337,60
5105600707	2026	000001	4500000708	00010	22.353,76
5105600708	2026	000001	4500000709	00010	10.406,50
5105600709	2026	000001	4500000710	00010	2.502,20
5105600710	2026	000001	4500000711	00010	3.066,14
5105600711	2026	000001	4500000712	00010	35.725,84
5105600712	2026	000001	4500000713	00010	9.342,62
5105600713	2026	000001	4500000714	00010	1.336,32
5105600714	2026	000001	4500000715	00010	23.497,18
5105600715	2026	000001	4500000716	00010	9.828,42
5105600716	2026	000001	4500000717	00010	7.853,80
5105600717	2026	000001	4500000718	00010	35.248,08
5105600718	2026	000001	4500000719	00010	12.367,14
5105600719	2026	000001	4500000720	00010	17.996,64
5105600720	2026	000001	4500000721	00010	32.121,00
5105600721	2026	000001	4500000722	00010	13.899,00
5105600722	2026	000001	4500000723	00010	21.345,44
5105600723	2026	000001	4500000724	00010	28.066,50
5105600724	2026	000001	4500000725	00010	19.733,91
5105600725	2026	000001	4500000726	00010	20.555,72
5105600726	2026	000001	4500000727	00010	33.377,85
5105600727	2026	000001	4500000728	00010	35.181,72
5105600728	2026	000001	4500000729	00010	9.548,91
5105600729	2026	000001	4500000730	00010	35.445,87
5105600730	2026	000001	4500000731	00010	18.879,63
5105600731	2026	000001	4500000732	00010	11.779,50
5105600732	2026	000001	4500000733	00010	4.598,83
5105600733	2026	000001	4500000734	00010	25.899,51
5105600734	2026	000001	4500000735	00010	37.670,13
5105600735	2026	000001	4500000736	00010	37.801,76
5105600736	2026	000001	4500000737	00010	1.323,67
5105600737	2026	000001	4500000738	00010	38.274,60
5105600738	2026	000001	4500000739	00010	31.410,32
5105600739	2026	000001	4500000740	00010	16.016,00
5105600740	2026	000001	4500000741	00010	25.875,85
5105600741	2026	000001	4500000742	00010	14.595,48
5105600742	2026	000001	4500000743	00010	31.510,24
5105600743	2026	000001	4500000744	00010	21.373,00
5105600744	2026	000001	4500000745	00010	3.616,88
5105600745	2026	000001	4500000746	00010	9.969,65
5105600746	2026	000001	4500000747	00010	14.875,08
5105600747	2026	000001	4500000748	00010	20.297,14
5105600748	2026	000001	4500000749	00010	33.272,20
5105600749	2026	000001	4500000750	00010	29.523,10
5105600750	2026	000001	4500000751	00010	30.902,40
5105600751	2026	000001	4500000752	00010	38.128,44
5105600752	2026	000001	4500000753	00010	18.907,66
5105600753	2026	000001	4500000754	00010	7.405,70
5105600754	2026	000001	4500000755	00010	15.578,10
5105600755	2026	000001	4500000756	00010	32.999,96
5105600756	2026	000001	4500000757	00010	8.995,00
5105600757	2026	000001	4500000758	00010	31.173,66
5105600758	2026	000001	4500000759	00010	13.853,76
5105600759	2026	000001	4500000760	00010	15.925,68
5105600760	2026	000001	4500000761	00010	27.503,84
5105600761	2026	000001	4500000762	00010	10.423,95
5105600762	2026	000001	4500000763	00010	8.461,18
5105600763	2026	000001	4500000764	00010	28.603,86
5105600764	2026	000001	4500000765	00010	25.058,03
5105600765	2026	000001	4500000766	00010	9.237,23
5105600766	2026	000001	4500000767	00010	27.059,68
5105600767	2026	000001	4500000768	00010	38.943,62
5105600768	2026	000001	4500000769	00010	19.337,76
5105600769	2026	000001	4500000770	00010	11.438,82
5105600770	2026	000001	4500000771	00010	27.595,68
5105600771	2026	000001	4500000772	00010	16.252,29
5105600772	2026	000001	4500000773	00010	10.455,51
5105600773	2026	000001	4500000774	00010	15.763,42
5105600774	2026	000001	4500000775	00010	9.937,83
5105600775	2026	000001	4500000776	00010	9.878,44
5105600776	2026	000001	4500000777	00010	18.111,06
5105600777	2026	000001	4500000778	00010	32.159,97
5105600778	2026	000001	4500000779	00010	17.036,35
5105600779	2026	000001	4500000780	00010	17.667,36
5105600780	2026	000001	4500000781	00010	25.049,31
5105600781	2026	000001	4500000782	00010	8.793,12
5105600782	2026	000001	4500000783	00010	10.803,24
5105600783	2026	000001	4500000784	00010	11.992,95
5105600784	2026	000001	4500000785	00010	37.999,20
5105600785	2026	000001	4500000786	00010	27.610,52
5105600786	2026	000001	4500000787	00010	31.242,28
5105600787	2026	000001	4500000788	00010	9.322,52
5105600788	2026	000001	4500000789	00010	3.334,26
5105600789	2026	000001	4500000790	00010	10.555,49
5105600790	2026	000001	4500000791	00010	21.171,50
5105600791	2026	000001	4500000792	00010	28.529,40
5105600792	2026	000001	4500000793	00010	12.100,00
5105600793	2026	000001	4500000794	00010	20.741,10
5105600794	2026	000001	4500000795	00010	11.450,18
5105600795	2026	000001	4500000796	00010	22.636,48
5105600796	2026	000001	4500000797	00010	30.953,44
5105600797	2026	000001	4500000798	00010	26.142,64
5105600798	2026	000001	4500000799	00010	29.652,35
5105600799	2026	000001	4500000800	00010	21.866,25
5105600800	2026	000001	4500000801	00010	12.121,40
5105600801	2026	000001	4500000802	00010	22.076,40
5105600802	2026	000001	4500000803	00010	13.560,60
5105600803	2026	000001	4500000804	00010	20.699,58
5105600804	2026	000001	4500000805	00010	8.863,68
5105600805	2026	000001	4500000806	00010	20.346,13
5105600806	2026	000001	4500000807	00010	14.243,28
5105600807	2026	000001	4500000808	00010	32.223,35
5105600808	2026	000001	4500000809	00010	7.510,32
5105600809	2026	000001	4500000810	00010	37.460,71
5105600810	2026	000001	4500000811	00010	30.633,17
5105600811	2026	000001	4500000812	00010	27.900,60
5105600812	2026	000001	4500000813	00010	4.696,61
5105600813	2026	000001	4500000814	00010	34.596,60
5105600814	2026	000001	4500000815	00010	25.436,48
5105600815	2026	000001	4500000816	00010	17.125,56
5105600816	2026	000001	4500000817	00010	13.877,25
5105600817	2026	000001	4500000818	00010	3.340,00
5105600818	2026	000001	4500000819	00010	34.991,52
5105600819	2026	000001	4500000820	00010	3.959,91
5105600820	2026	000001	4500000821	00010	36.514,60
5105600821	2026	000001	4500000822	00010	4.383,68
5105600822	2026	000001	4500000823	00010	8.601,56
5105600823	2026	000001	4500000824	00010	13.299,24
5105600824	2026	000001	4500000825	00010	25.995,93
5105600825	2026	000001	4500000826	00010	37.219,00
5105600826	2026	000001	4500000827	00010	8.317,53
5105600827	2026	000001	4500000828	00010	7.444,20
5105600828	2026	000001	4500000829	00010	8.327,76
5105600829	2026	000001	4500000830	00010	22.374,40
5105600830	2026	000001	4500000831	00010	16.644,36
5105600831	2026	000001	4500000832	00010	4.358,24
5105600832	2026	000001	4500000833	00010	19.488,36
5105600833	2026	000001	4500000834	00010	27.416,29
5105600834	2026	000001	4500000835	00010	28.250,04
5105600835	2026	000001	4500000836	00010	23.441,40
5105600836	2026	000001	4500000837	00010	30.903,88
5105600837	2026	000001	4500000838	00010	42.193,69
5105600838	2026	000001	4500000839	00010	30.843,04
5105600839	2026	000001	4500000840	00010	30.420,00
5105600840	2026	000001	4500000841	00010	8.415,15
5105600841	2026	000001	4500000842	00010	6.549,68
5105600842	2026	000001	4500000843	00010	5.921,40
5105600843	2026	000001	4500000844	00010	21.649,68
5105600844	2026	000001	4500000845	00010	8.385,64
5105600845	2026	000001	4500000846	00010	24.563,54
5105600846	2026	000001	4500000847	00010	19.445,62
5105600847	2026	000001	4500000848	00010	20.122,24
5105600848	2026	000001	4500000849	00010	18.627,57
5105600849	2026	000001	4500000850	00010	8.470,28
5105600850	2026	000001	4500000851	00010	23.299,01
5105600851	2026	000001	4500000852	00010	2.799,28
5105600852	2026	000001	4500000853	00010	7.649,70
5105600853	2026	000001	4500000854	00010	14.186,08
5105600854	2026	000001	4500000855	00010	6.240,60
5105600855	2026	000001	4500000856	00010	27.776,47
5105600856	2026	000001	4500000857	00010	9.209,30
5105600857	2026	000001	4500000858	00010	39.379,50
5105600858	2026	000001	4500000859	00010	24.341,28
5105600859	2026	000001	4500000860	00010	41.442,94
5105600860	2026	000001	4500000861	00010	8.305,22
5105600861	2026	000001	4500000862	00010	5.553,90
5105600862	2026	000001	4500000863	00010	12.501,72
5105600863	2026	000001	4500000864	00010	27.317,84
5105600864	2026	000001	4500000865	00010	26.670,93
5105600865	2026	000001	4500000866	00010	15.583,77
5105600866	2026	000001	4500000867	00010	40.305,20
5105600867	2026	000001	4500000868	00010	30.281,40
5105600868	2026	000001	4500000869	00010	8.888,04
5105600869	2026	000001	4500000870	00010	31.627,12
5105600870	2026	000001	4500000871	00010	4.765,78
5105600871	2026	000001	4500000872	00010	6.406,64
5105600872	2026	000001	4500000873	00010	4.430,80
5105600873	2026	000001	4500000874	00010	19.522,58
5105600874	2026	000001	4500000875	00010	18.223,92
5105600875	2026	000001	4500000876	00010	21.242,26
5105600876	2026	000001	4500000877	00010	33.894,98
5105600877	2026	000001	4500000878	00010	28.783,36
5105600878	2026	000001	4500000879	00010	2.304,57
5105600879	2026	000001	4500000880	00010	35.720,16
5105600880	2026	000001	4500000881	00010	7.416,96
5105600881	2026	000001	4500000882	00010	4.367,94
5105600882	2026	000001	4500000883	00010	5.293,80
5105600883	2026	000001	4500000884	00010	16.727,32
5105600884	2026	000001	4500000885	00010	1.165,68
5105600885	2026	000001	4500000886	00010	10.888,83
5105600886	2026	000001	4500000887	00010	7.872,12
5105600887	2026	000001	4500000888	00010	20.817,54
5105600888	2026	000001	4500000889	00010	29.013,72
5105600889	2026	000001	4500000890	00010	1.638,86
5105600890	2026	000001	4500000891	00010	18.552,84
5105600891	2026	000001	4500000892	00010	34.527,95
5105600892	2026	000001	4500000893	00010	31.826,16
5105600893	2026	000001	4500000894	00010	32.993,90
5105600894	2026	000001	4500000895	00010	17.859,52
5105600895	2026	000001	4500000896	00010	25.020,14
5105600896	2026	000001	4500000897	00010	14.176,97
5105600897	2026	000001	4500000898	00010	34.578,47
5105600898	2026	000001	4500000899	00010	18.877,20
5105600899	2026	000001	4500000900	00010	2.778,78
5105600900	2026	000001	4500000901	00010	7.682,47
5105600901	2026	000001	4500000902	00010	1.761,51
5105600902	2026	000001	4500000903	00010	22.815,32
5105600903	2026	000001	4500000904	00010	19.464,27
5105600904	2026	000001	4500000905	00010	22.220,52
5105600905	2026	000001	4500000906	00010	12.109,46
5105600906	2026	000001	4500000907	00010	9.865,22
5105600907	2026	000001	4500000908	00010	20.693,33
5105600908	2026	000001	4500000909	00010	12.520,20
5105600909	2026	000001	4500000910	00010	10.818,75
5105600910	2026	000001	4500000911	00010	32.453,14
5105600911	2026	000001	4500000912	00010	39.156,92
5105600912	2026	000001	4500000913	00010	31.977,36
5105600913	2026	000001	4500000914	00010	10.214,25
5105600914	2026	000001	4500000915	00010	8.278,90
5105600915	2026	000001	4500000916	00010	4.861,64
5105600916	2026	000001	4500000917	00010	4.756,72
5105600917	2026	000001	4500000918	00010	7.294,30
5105600918	2026	000001	4500000919	00010	4.610,40
5105600919	2026	000001	4500000920	00010	18.647,30
5105600920	2026	000001	4500000921	00010	28.360,80
5105600921	2026	000001	4500000922	00010	27.866,74
5105600922	2026	000001	4500000923	00010	2.690,16
5105600923	2026	000001	4500000924	00010	31.304,70
5105600924	2026	000001	4500000925	00010	13.616,64
5105600925	2026	000001	4500000926	00010	32.607,64
5105600926	2026	000001	4500000927	00010	10.288,59
5105600927	2026	000001	4500000928	00010	2.491,17
5105600928	2026	000001	4500000929	00010	20.200,32
5105600929	2026	000001	4500000930	00010	8.537,74
5105600930	2026	000001	4500000931	00010	28.551,84
5105600931	2026	000001	4500000932	00010	36.981,62
5105600932	2026	000001	4500000933	00010	37.916,19
5105600933	2026	000001	4500000934	00010	32.742,09
5105600934	2026	000001	4500000935	00010	29.285,93
5105600935	2026	000001	4500000936	00010	2.835,42
5105600936	2026	000001	4500000937	00010	12.375,00
5105600937	2026	000001	4500000938	00010	16.460,56
5105600938	2026	000001	4500000939	00010	12.197,57
5105600939	2026	000001	4500000940	00010	20.680,17
5105600940	2026	000001	4500000941	00010	2.230,14
5105600941	2026	000001	4500000942	00010	8.371,44
5105600942	2026	000001	4500000943	00010	8.842,62
5105600943	2026	000001	4500000944	00010	5.028,40
5105600944	2026	000001	4500000945	00010	9.673,28
5105600945	2026	000001	4500000946	00010	33.739,44
5105600946	2026	000001	4500000947	00010	4.798,26
5105600947	2026	000001	4500000948	00010	31.123,04
5105600948	2026	000001	4500000949	00010	38.229,84
5105600949	2026	000001	4500000950	00010	14.075,01
5105600950	2026	000001	4500000951	00010	19.893,13
5105600951	2026	000001	4500000952	00010	35.814,18
5105600952	2026	000001	4500000953	00010	26.323,31
5105600953	2026	000001	4500000954	00010	27.136,20
5105600954	2026	000001	4500000955	00010	25.931,92
5105600955	2026	000001	4500000956	00010	9.454,56
5105600956	2026	000001	4500000957	00010	13.510,52
5105600957	2026	000001	4500000958	00010	25.554,15
5105600958	2026	000001	4500000959	00010	15.020,40
5105600959	2026	000001	4500000960	00010	25.801,65
5105600960	2026	000001	4500000961	00010	9.332,40
5105600961	2026	000001	4500000962	00010	4.292,82
5105600962	2026	000001	4500000963	00010	24.238,40
5105600963	2026	000001	4500000964	00010	3.021,91
5105600964	2026	000001	4500000965	00010	33.037,47
5105600965	2026	000001	4500000966	00010	14.678,61
5105600966	2026	000001	4500000967	00010	35.079,39
5105600967	2026	000001	4500000968	00010	6.000,30
5105600968	2026	000001	4500000969	00010	29.047,00
5105600969	2026	000001	4500000970	00010	11.689,86
5105600970	2026	000001	4500000971	00010	14.997,60
5105600971	2026	000001	4500000972	00010	9.333,41
5105600972	2026	000001	4500000973	00010	15.064,96
5105600973	2026	000001	4500000974	00010	18.527,80
5105600974	2026	000001	4500000975	00010	21.443,94
5105600975	2026	000001	4500000976	00010	4.090,65
5105600976	2026	000001	4500000977	00010	18.866,33
5105600977	2026	000001	4500000978	00010	25.174,62
5105600978	2026	000001	4500000979	00010	17.612,10
5105600979	2026	000001	4500000980	00010	14.413,10
5105600980	2026	000001	4500000981	00010	11.424,36
5105600981	2026	000001	4500000982	00010	30.259,00
5105600982	2026	000001	4500000983	00010	31.031,32
5105600983	2026	000001	4500000984	00010	10.714,80
5105600984	2026	000001	4500000985	00010	31.105,81
5105600985	2026	000001	4500000986	00010	4.201,25
5105600986	2026	000001	4500000987	00010	6.630,92
5105600987	2026	000001	4500000988	00010	12.646,70
5105600988	2026	000001	4500000989	00010	3.736,72
5105600989	2026	000001	4500000990	00010	29.854,44
5105600990	2026	000001	4500000991	00010	19.371,84
5105600991	2026	000001	4500000992	00010	41.407,32
5105600992	2026	000001	4500000993	00010	20.953,24
5105600993	2026	000001	4500000994	00010	36.285,04
5105600994	2026	000001	4500000995	00010	7.883,60
5105600995	2026	000001	4500000996	00010	19.314,04
5105600996	2026	000001	4500000997	00010	27.789,00
5105600997	2026	000001	4500000998	00010	27.402,32
5105600998	2026	000001	4500000999	00010	8.470,77
5105600999	2026	000001	4500001000	00010	11.650,83
5105601000	2026	000001	4500001001	00010	22.307,34
5105601001	2026	000001	4500001002	00010	31.737,11
5105601002	2026	000001	4500001003	00010	8.725,68
5105601003	2026	000001	4500001004	00010	17.638,40
5105601004	2026	000001	4500001005	00010	16.254,48
5105601005	2026	000001	4500001006	00010	26.936,14
5105601006	2026	000001	4500001007	00010	27.293,40
5105601007	2026	000001	4500001008	00010	19.539,10
5105601008	2026	000001	4500001009	00010	38.573,25
5105601009	2026	000001	4500001010	00010	19.141,67
5105601010	2026	000001	4500001011	00010	17.565,84
5105601011	2026	000001	4500001012	00010	27.509,00
5105601012	2026	000001	4500001013	00010	1.065,73
5105601013	2026	000001	4500001014	00010	16.766,55
5105601014	2026	000001	4500001015	00010	5.766,54
5105601015	2026	000001	4500001016	00010	5.027,58
5105601016	2026	000001	4500001017	00010	13.681,14
5105601017	2026	000001	4500001018	00010	16.417,60
5105601018	2026	000001	4500001019	00010	24.186,55
5105601019	2026	000001	4500001020	00010	27.946,24
5105601020	2026	000001	4500001021	00010	24.870,04
5105601021	2026	000001	4500001022	00010	4.401,48
5105601022	2026	000001	4500001023	00010	20.772,45
5105601023	2026	000001	4500001024	00010	11.940,39
5105601024	2026	000001	4500001025	00010	4.372,32
5105601025	2026	000001	4500001026	00010	9.636,00
5105601026	2026	000001	4500001027	00010	33.870,54
5105601027	2026	000001	4500001028	00010	21.171,32
5105601028	2026	000001	4500001029	00010	26.273,50
5105601029	2026	000001	4500001030	00010	39.834,08
5105601030	2026	000001	4500001031	00010	12.551,70
5105601031	2026	000001	4500001032	00010	4.641,12
5105601032	2026	000001	4500001033	00010	22.271,68
5105601033	2026	000001	4500001034	00010	19.547,84
5105601034	2026	000001	4500001035	00010	5.891,10
5105601035	2026	000001	4500001036	00010	6.622,44
5105601036	2026	000001	4500001037	00010	12.807,12
5105601037	2026	000001	4500001038	00010	4.214,28
5105601038	2026	000001	4500001039	00010	34.454,76
5105601039	2026	000001	4500001040	00010	11.446,17
5105601040	2026	000001	4500001041	00010	27.567,59
5105601041	2026	000001	4500001042	00010	27.721,20
5105601042	2026	000001	4500001043	00010	8.857,89
5105601043	2026	000001	4500001044	00010	4.639,59
5105601044	2026	000001	4500001045	00010	17.126,34
5105601045	2026	000001	4500001046	00010	21.731,70
5105601046	2026	000001	4500001047	00010	15.363,20
5105601047	2026	000001	4500001048	00010	4.409,89
5105601048	2026	000001	4500001049	00010	2.196,80
5105601049	2026	000001	4500001050	00010	25.614,98
5105601050	2026	000001	4500001051	00010	30.713,06
5105601051	2026	000001	4500001052	00010	29.248,24
5105601052	2026	000001	4500001053	00010	34.814,40
5105601053	2026	000001	4500001054	00010	29.216,60
5105601054	2026	000001	4500001055	00010	3.857,63
5105601055	2026	000001	4500001056	00010	23.175,36
5105601056	2026	000001	4500001057	00010	19.325,46
5105601057	2026	000001	4500001058	00010	17.878,12
5105601058	2026	000001	4500001059	00010	15.873,86
5105601059	2026	000001	4500001060	00010	15.139,84
5105601060	2026	000001	4500001061	00010	29.559,30
5105601061	2026	000001	4500001062	00010	3.692,80
5105601062	2026	000001	4500001063	00010	19.440,27
5105601063	2026	000001	4500001064	00010	28.183,68
5105601064	2026	000001	4500001065	00010	12.900,16
5105601065	2026	000001	4500001066	00010	20.232,68
5105601066	2026	000001	4500001067	00010	16.582,23
5105601067	2026	000001	4500001068	00010	31.193,62
5105601068	2026	000001	4500001069	00010	3.189,41
5105601069	2026	000001	4500001070	00010	7.162,38
5105601070	2026	000001	4500001071	00010	13.239,95
5105601071	2026	000001	4500001072	00010	13.165,71
5105601072	2026	000001	4500001073	00010	10.853,80
5105601073	2026	000001	4500001074	00010	33.354,96
5105601074	2026	000001	4500001075	00010	11.932,31
5105601075	2026	000001	4500001076	00010	4.933,83
5105601076	2026	000001	4500001077	00010	36.475,40
5105601077	2026	000001	4500001078	00010	27.182,76
5105601078	2026	000001	4500001079	00010	17.452,00
5105601079	2026	000001	4500001080	00010	33.118,40
5105601080	2026	000001	4500001081	00010	1.326,51
5105601081	2026	000001	4500001082	00010	30.803,74
5105601082	2026	000001	4500001083	00010	23.080,32
5105601083	2026	000001	4500001084	00010	16.844,85
5105601084	2026	000001	4500001085	00010	40.204,50
5105601085	2026	000001	4500001086	00010	11.597,40
5105601086	2026	000001	4500001087	00010	36.357,36
5105601087	2026	000001	4500001088	00010	15.890,76
5105601088	2026	000001	4500001089	00010	26.532,60
5105601089	2026	000001	4500001090	00010	6.855,60
5105601090	2026	000001	4500001091	00010	21.664,02
5105601091	2026	000001	4500001092	00010	12.862,50
5105601092	2026	000001	4500001093	00010	12.222,56
5105601093	2026	000001	4500001094	00010	16.735,60
5105601094	2026	000001	4500001095	00010	21.174,50
5105601095	2026	000001	4500001096	00010	5.309,24
5105601096	2026	000001	4500001097	00010	28.429,20
5105601097	2026	000001	4500001098	00010	22.015,00
5105601098	2026	000001	4500001099	00010	4.555,20
5105601099	2026	000001	4500001100	00010	30.801,98
5105601100	2026	000001	4500001101	00010	46.587,06
5105601101	2026	000001	4500001102	00010	48.073,81
5105601102	2026	000001	4500001103	00010	45.605,70
5105601103	2026	000001	4500001104	00010	8.844,70
5105601104	2026	000001	4500001105	00010	9.070,92
5105601105	2026	000001	4500001106	00010	9.100,46
5105601106	2026	000001	4500000570	00010	5.735,04
5105601107	2026	000001	4500000277	00010	30.763,78
5105601108	2026	000001	4500000595	00010	24.279,20
5105601109	2026	000001	4500001107	00010	4.925,78
5105601110	2026	000001	4500001108	00010	33.172,44
5105601111	2026	000001	4500001109	00010	79.730,27
5105601112	2026	000001	4500001110	00010	5.834,18
5105601113	2026	000001	4500001111	00010	66.766,20
5105601114	2026	000001	4500001112	00010	62.352,72
5105601115	2026	000001	4500001113	00010	2.714,04
5105601116	2026	000001	4500001114	00010	46.395,00
5105601117	2026	000001	4500001115	00010	40.184,82
5105601118	2026	000001	4500001116	00010	6.228,75
5105601119	2026	000001	4500001117	00010	38.819,25
5105601120	2026	000001	4500001118	00010	37.347,65
5105601121	2026	000001	4500001119	00010	5.020,88
5105601122	2026	000001	4500001120	00010	25.000,00
5105601123	2026	000001	4500001121	00010	20.000,00
5105601124	2026	000001	4500001122	00010	15.000,00
5105601125	2026	000001	4500001123	00010	30.000,00
5105601126	2026	000001	4500001124	00010	30.000,00
5105601127	2026	000001	4500000001	00010	4.307,95
